Marker	LG	cM	neg_log.qval.
5310	1	0	0
15611	1	1.173478395	0
19531	1	1.936913362	0
14617	1	1.936913462	0
18161	1	1.936913662	0
48394	1	1.936913762	0
14117	1	1.936913862	0
3203	1	1.936914162	0
45823	1	1.936914262	0
37200	1	1.936914362	0
46782	1	1.936914462	0
55303	1	2.462053279	0
38438	1	2.985393746	0
27966	1	3.678795266	0
9449	1	4.216588203	0
22393	1	5.988424125	0
51512	1	6.256116139	0
38095	1	7.078565984	0.201318001
21399	1	7.3740756	0
4138	1	9.789065704	0
33492	1	11.06297726	0.238831842
17784	1	13.40501474	0
53697	1	13.40501484	0
48179	1	39.87618948	0.700870991
9458	1	40.46099248	0.39346997
2409	1	41.74731349	1.733893877
11	1	43.22998528	0.77373359
37608	1	44.74287574	0
18384	1	44.74287584	0.238267658
8225	1	45.24457681	0
22273	1	47.9903853	0
45488	1	48.27033302	0
38469	1	53.91503815	0
23658	1	54.35999365	0
19315	1	54.7897339	0
52883	1	55.38253731	0
28251	1	56.8819982	0
19452	1	56.8819983	0
40332	1	58.65019203	0
22924	1	59.07205433	0
51698	1	59.8043363	0
40899	1	64.53668299	0
27904	1	65.11966826	0
34847	1	67.22546034	0
47765	1	68.73345648	0
13304	1	69.1838439	0
42874	1	101.4955528	0
42919	1	101.4955529	0
38937	1	102.1543864	0
37951	1	104.0704921	0
28348	1	104.2652063	0
46398	1	104.7781665	0
2620	1	105.7729303	0
3788	1	106.9977949	0
18617	1	107.590648	0
11738	1	107.5906482	0
35465	1	108.9484875	0
26279	1	131.6428966	0
46704	1	133.2347191	0
31375	1	133.9448497	0
34287	1	135.0539418	0
18162	1	135.0539419	0
52220	1	135.053942	0
46632	1	135.0539421	0
3808	1	135.0539422	0
53785	1	135.0539423	0
28046	1	135.3240337	0
4617	1	135.3240338	0
20013	1	135.3240339	0
14677	1	136.1224497	0
51288	1	136.8369027	0
28482	1	137.1833415	0
14849	1	137.7078858	0
21004	1	137.7078859	0
1201	1	137.9707926	0
54629	1	137.9707927	0
41596	1	137.9707928	0
3417	1	138.5082816	0
1891	1	138.5082817	0
48957	1	139.5894052	0
37978	1	139.5894053	0
55942	1	139.5894054	0
14193	1	152.9116308	0
41304	1	188.8602356	0
1516	1	200.2702852	0
30822	1	200.8186758	0
23174	1	200.8186759	0
10453	1	201.1393931	0
9222	1	201.4030837	0
14354	1	202.2097535	0
38017	1	202.4671893	0
55122	1	202.7519481	0
19247	1	202.7519482	0
52025	1	202.7519483	0
20743	1	202.7519484	0
37838	1	203.0310224	0
35743	1	203.3044396	0
12960	1	203.5463243	0
3385	1	203.5463244	0
25424	1	203.7881582	0
34987	1	204.0496461	0
25404	1	204.0496462	0
7866	1	204.0496463	0
48541	1	204.0496464	0
51357	1	204.0496465	0
7653	1	204.3142987	0
35112	1	204.3142988	0
17358	1	204.5735923	0
47994	1	204.5735924	0
30028	1	204.5735926	0
55411	1	205.0974206	0
41481	1	205.0974207	0
10503	1	205.0974208	0
45324	1	205.0974209	0
3152	1	205.097421	0
5722	1	205.0974211	0
7839	1	205.3480107	0
36680	1	205.3480108	0
33898	1	205.3480109	0
18807	1	205.8634939	0
54553	1	205.863494	0
52932	1	205.8634943	0
18208	1	206.1237518	0
4457	1	206.123752	0
29641	1	206.3866454	0
11360	1	206.3866456	0
40526	1	206.3866457	0
46351	1	206.3866529	0
40822	1	206.644067	0
24837	1	206.6440671	0
11484	1	206.6440672	0
35717	1	206.6440673	0
5389	1	206.6440674	0
36109	1	206.6440676	0
22278	1	206.6440678	0
35889	1	206.6440679	0
48079	1	206.8868577	0
21793	1	207.1289836	0
4100	1	207.4192363	0
24771	1	208.3868548	0
16898	1	208.6729541	0
53798	1	208.6729542	0
25513	1	208.6729544	0
15209	1	208.6729545	0
54545	1	208.6729546	0
10140	1	208.6729547	0
13668	1	209.4420675	0
8597	1	209.4420676	0
37084	1	210.488054	0
54519	1	210.7492171	0
44290	1	210.7492172	0
54540	1	210.7492173	0
15103	1	210.7492174	0
1096	1	210.7492175	0
40527	1	210.7492176	0
27441	1	210.7492177	0
18543	1	211.0093879	0
31827	1	211.009388	0
1224	1	211.0093881	0
32872	1	211.0093882	0
50307	1	211.0093883	0
52331	1	211.0093884	0
35053	1	211.2700418	0
49824	1	211.270042	0
846	1	211.5280541	0
42809	1	211.5280542	0
4280	1	211.7966472	0
38838	1	211.7966473	0
11174	1	211.7966474	0
47587	1	211.7966475	0
43494	1	213.9423602	0
28254	1	213.9423603	0
49595	1	214.7312785	0
87	1	214.7312786	0
43957	1	214.7312788	0
40256	1	214.731279	0
53666	1	214.7312791	0
9091	1	214.7312792	0
27485	1	214.7312793	0
8107	1	214.7312794	0
39192	1	214.7312795	0
8110	1	214.7312796	0
29588	1	214.9935493	0
9119	1	214.9935494	0
21596	1	214.9936538	0
7797	1	215.0483274	0
31042	1	215.3097023	0
13448	1	216.2138649	0
38862	1	216.8507021	0
17717	1	216.8507022	0
53057	1	216.8507023	0
24592	1	217.130418	0
52654	1	217.1304181	0
28557	1	219.3509338	0
54320	1	219.3509339	0
51967	1	219.6200612	0
12686	1	220.2875649	0
46016	1	223.0151693	0
6881	1	223.885234	0
46905	1	227.2333033	0
49020	1	227.5610361	0
30528	1	229.6016081	0.753557113
15544	1	230.2812061	0
24575	1	231.0642919	0
18920	1	231.5905355	0
46315	1	232.7338032	0
10636	1	234.9056874	0
7928	1	236.8314179	0
24347	1	240.3346241	0
1492	1	240.3346242	0
29970	1	241.887973	0
12204	1	243.7704836	0
5383	1	245.3737202	0
10659	1	250.5351755	0
34210	1	251.2737202	0
42642	1	251.8704629	0
41556	1	252.1345103	0
51631	1	252.1345104	0
29081	1	252.1345105	0
486	1	253.2404171	0
51028	1	259.9541236	0
52359	1	259.9541238	0
6586	1	260.4668101	0
221	1	262.9095779	0
42644	1	263.6317023	0
31096	1	264.8790804	0
39068	1	264.8790806	0
5877	1	264.8790807	0
20075	1	264.8790808	0
43425	1	264.9778345	0
53589	1	265.2563953	0
26475	1	265.2563954	0
11120	1	265.2563955	0
4705	2	19.21789518	0
52017	2	32.52924384	0
17610	2	32.52924394	0
48624	2	32.52924404	0
28460	2	32.52924414	0
5620	2	32.52924444	0
46895	2	32.52924464	0
19368	2	32.52924474	0
33919	2	32.52924484	0
52987	2	32.78964449	0
7143	2	32.78964469	0
40131	2	32.78964479	0
26368	2	32.78964489	0
14874	2	35.21880163	0
6678	2	36.2734904	0
33731	2	40.74497493	0
51662	2	40.74497503	0
14993	2	41.38054218	0
21819	2	41.38054228	0
48242	2	42.68402252	0
46314	2	45.7409383	0
23516	2	50.84776335	0
35938	2	51.71808226	0
18674	2	51.99747368	0
35521	2	51.99747378	0
32657	2	52.59713197	0
17637	2	56.27262726	0
42628	2	57.17742159	0
38672	2	57.56910804	0
18508	2	57.92652207	0
35000	2	58.90488921	0
10197	2	58.90488931	0
11929	2	60.40348651	0
26909	2	60.95940667	0
52829	2	61.4389769	0
28410	2	63.44376195	0
17719	2	63.44376205	0
16781	2	64.70695935	0
9141	2	65.00341724	0
49743	2	65.00341734	0
18365	2	65.30940491	0
24562	2	65.30940501	0
53890	2	65.55614488	0
55305	2	66.12750264	0
23533	2	67.51979313	0
17285	2	68.38533607	0
6462	2	69.05331927	0
5570	2	69.57794615	0
40104	2	69.57794625	0
387	2	70.49879483	0
1628	2	70.49879493	0
54895	2	71.4487791	0
39389	2	71.74797044	0
52447	2	72.25802586	0
3812	2	73.89586078	0
23519	2	74.42009337	0
20808	2	74.42009347	0
10699	2	75.21736829	0
42084	2	75.48589285	0
762	2	75.48589295	0
50416	2	75.48589305	0
681	2	75.5161498	0
32064	2	75.80841639	0
34106	2	76.12525378	0
42243	2	78.07350388	0
40217	2	79.12767234	0
30893	2	79.12767244	0
821	2	79.4283845	0
24834	2	79.4283846	0
8905	2	82.11518103	0
3956	2	82.36618295	0
21288	2	82.36618305	0
47723	2	82.36618315	0
19643	2	82.72906995	0
52952	2	82.72907005	0
54318	2	82.72907015	0
13266	2	83.24540236	0
19341	2	83.24540246	0
43188	2	83.5718693	0
35404	2	83.5718694	0
38617	2	83.5718695	0
34683	2	84.55859192	0
26072	2	84.55859202	0
33772	2	84.55859212	0
25243	2	84.88740061	0
43964	2	84.88740071	0
13560	2	85.48480621	0
38141	2	86.0140517	0
2987	2	86.0140519	0
39728	2	86.014052	0
47027	2	86.0140522	0
43316	2	86.0140523	0
17936	2	86.64601978	0
35310	2	87.60332977	0
3695	2	87.60332997	0
40941	2	87.86444952	0
27283	2	87.86444962	0
6499	2	87.86444972	0
26328	2	88.25450138	0
43530	2	88.64364434	0
33557	2	88.64364444	0
36524	2	88.64364454	0
18502	2	88.89833396	0
23171	2	88.89833406	0
42673	2	89.41944871	0
30779	2	89.41944891	0
45448	2	89.41944901	0
47913	2	89.41944911	0
38592	2	90.34381971	0
7414	2	90.63980122	0
3738	2	91.25738173	0
39443	2	91.25738193	0
50668	2	91.51832971	0
26323	2	91.77976513	0
45928	2	91.77976523	0
7161	2	91.77976533	0
10025	2	92.04190589	0
9671	2	92.30819578	0
53566	2	92.33411944	0
53431	2	92.33411954	0
52079	2	94.17078034	0
51553	2	95.5598928	0
33034	2	95.89716075	0
17778	2	95.89716105	0
6693	2	95.89716115	0
35485	2	95.89716125	0
50493	2	96.69717103	0
31013	2	96.69717113	0
10762	2	96.95717634	0
41115	2	96.95717644	0
32189	2	97.48231133	0
26712	2	98.00235519	0
14261	2	98.00235529	0
33101	2	98.00235539	0
37600	2	98.70677584	0
21582	2	99.04752071	0
17887	2	100.2246936	0
45630	2	100.2246937	0
23353	2	101.2779737	0
53273	2	101.5864747	0
11978	2	102.5955988	0
7360	2	145.9437174	0
10226	2	146.8014825	0
44188	2	146.8014826	0
19395	2	147.0626946	0
17564	2	147.0626947	0
50972	2	147.0626948	0
12732	2	147.0626949	0
38563	2	148.1186101	0
14319	2	148.1186102	0
43735	2	148.6470695	0
42068	2	149.1713041	0
13957	2	149.1713042	0
42699	2	149.1713043	0
17341	2	149.1713044	0
21342	2	149.1713045	0
47308	2	149.9583013	0
38057	2	149.9583014	0
48790	2	149.9583015	0
7483	2	151.1436018	0
5298	2	151.4391716	0
39562	2	151.4391717	0
983	2	152.3217951	0
15846	2	152.3217952	0
24806	2	152.3217953	0
44636	2	152.3217954	0
18924	2	152.8513068	0
37933	2	152.851307	0
42154	2	153.6515247	0
22425	2	153.6515248	0
5937	2	154.4402383	0
31892	2	154.4402384	0
44088	2	154.4402385	0
13685	2	155.2349818	0
21413	2	155.2349819	0
32831	2	155.4948032	0
10573	2	156.8405844	0
31804	2	156.8405846	0
33700	2	157.6290998	0
47317	2	157.6290999	0
32489	2	157.6291	0
27093	2	158.4155059	0
35799	2	158.4155061	0
36944	2	158.4155062	0
20038	2	158.4155063	0
32740	2	158.6768799	0
28276	2	158.9383085	0
33694	2	158.9383086	0
33195	2	158.9383087	0
28725	2	158.9383088	0
20881	2	159.759172	0
10718	2	161.1146576	0
46420	2	162.4510148	0
52863	2	162.7396555	0
7457	2	163.6387168	0
21576	2	163.6387169	0
26364	2	164.5670237	0
3833	2	164.5670238	0
8590	2	164.8230084	0
14986	2	164.8230085	0
35726	2	165.444849	0
29647	2	166.6730117	0
49485	2	167.0749415	0
11683	2	167.4722784	0
11989	2	167.7914213	0
46971	2	169.4218437	0
3408	2	169.7146784	0
2826	2	169.7146785	0
4013	2	170.2431006	0
44621	2	171.935789	0
7293	2	172.8690876	0
50136	2	172.8690877	0
11490	2	172.8690878	0
6159	2	173.2200115	0
27202	2	173.2200116	0
30901	2	173.9323057	0
4721	2	175.1270231	0
51880	2	176.6608486	0
37523	2	176.6618955	0
28163	2	177.719579	0.023724762
26185	2	177.7195791	0
10946	2	177.7195792	0
30510	2	177.9813149	0.023850635
17172	2	177.981315	0
27895	2	177.9813151	0
250	2	179.9783276	0
16430	2	179.9783277	0.486227388
13872	2	179.9783278	0
51049	2	181.027126	0
14016	2	181.3668275	0
55459	2	181.3668276	0
33330	2	181.6794363	0
10337	2	181.6794364	0
35116	2	181.6794366	0
50352	2	181.6794368	0
48435	2	182.7440935	0
42775	2	183.0169714	0.037327082
5211	2	183.0169715	0
2279	2	183.2475338	0
23988	2	183.5242471	0
40953	2	202.4003306	0
33443	2	203.201919	0
42248	2	203.4293515	0
44529	2	203.6955709	0
40850	2	203.695571	0
20459	2	203.9715096	0
23491	2	203.9715097	0
7404	2	204.2623319	0
22086	2	204.262332	0
29581	2	204.8921104	0
52581	2	221.8386818	0
28693	2	243.0211167	0
26933	2	247.3083507	0
32349	2	251.7968527	0
50688	2	252.0661825	0
9118	2	253.4500907	0
29975	2	257.0069662	0
55298	2	259.3536834	0
15847	2	261.3887463	0
13302	2	277.8261209	0
38244	2	280.1871347	0
30478	2	280.608925	0
23368	2	280.6089251	0
35257	2	281.409474	0
12825	2	281.4094741	0
40118	2	281.4094742	0
27531	3	0.530897605	0
16681	3	0.530897705	0
39201	3	0.530897805	0
40077	3	0.807458898	0
39042	3	1.485202591	0
46500	3	5.926132208	0
34467	3	7.671477792	0
49116	3	8.809276846	0
42714	3	13.31149152	0.014004334
33032	3	13.31149162	0
48758	3	14.76392601	0
45761	3	15.25387584	0
48250	3	15.98307575	0
35506	3	23.21624046	0
54260	3	23.21624056	0
43244	3	24.62775665	0
42059	3	25.17067103	0
32371	3	28.43512716	0.683692347
55400	3	28.82677292	0
17471	3	28.82677302	0
50367	3	29.24115786	0
44183	3	29.24115796	0
26385	3	29.75189458	0.14357207
25003	3	29.75189468	0.073508871
46347	3	32.53733381	3.002851531
12535	3	33.52765889	0.452240757
13555	3	33.52765909	1.562244037
31890	3	34.19085779	2.036066722
17025	3	36.80688516	0.326255328
47905	3	37.53237314	0
48	3	39.58850289	0
25089	3	40.43762354	0
47205	3	40.43762364	0
13141	3	40.43762374	0
27786	3	41.4125758	0
15384	3	41.4125759	0
450	3	41.82525521	0
46066	3	43.66934181	0.043909828
17053	3	46.52851929	0
24032	3	47.19625466	0
23829	3	47.19625476	0
55979	3	48.89061126	0
53576	3	49.13783619	0.300885118
5482	3	49.13783639	0.114823835
35667	3	49.37674539	0
40537	3	49.37674549	0
10029	3	49.37674559	0
4375	3	49.6156779	0
45830	3	49.615678	0
9854	3	49.6156781	0
1311	3	50.68237329	0
12292	3	50.93694408	0
38176	3	51.28940663	0
48405	3	51.54479527	0
21364	3	52.88862214	0.239105838
21672	3	52.88862224	0
33719	3	52.88862234	0
48649	3	52.88862244	0.237753914
20354	3	53.47488574	0
10384	3	68.42840705	0.079099496
33260	3	68.61459774	0
16226	3	68.61459794	0
41498	3	68.61459804	0
10280	3	68.61459814	0
24013	3	68.61459824	0
16070	3	68.61459834	0
4216	3	68.61459854	0
13030	3	68.87479619	0
25530	3	68.87479629	0
33934	3	68.87479639	0
21540	3	68.87479649	0.126256956
6339	3	68.87479659	0
33414	3	68.87479669	0.039735458
721	3	68.87479689	0.052219071
51732	3	68.87479709	0
38676	3	68.87479719	0
26640	3	68.87479729	0
12080	3	68.87479739	0
4723	3	68.94968075	0
28411	3	69.1652969	0
51476	3	69.46930101	0
46336	3	69.46930121	0.211047085
41689	3	70.2738542	0
45211	3	71.17347819	0
16969	3	71.55470491	0
22399	3	75.93642304	0
44260	3	75.93642314	0
52565	3	75.93642324	0.238604835
35610	3	75.93642334	0
33326	3	76.47415257	0
31825	3	76.47415267	0.156061304
49496	3	76.47415277	0
34444	3	76.47415287	0
21134	3	76.99399793	0.802052906
33553	3	76.99399803	0
52577	3	76.99399813	0
11669	3	77.25579834	0
39885	3	77.51729892	0
52288	3	77.51729902	0
27306	3	77.77869916	0
29712	3	77.77869926	0
19784	3	78.04060071	0
49228	3	78.04060081	0
9413	3	78.04060091	0
12568	3	78.30025745	0
17799	3	78.56617304	0
29817	3	78.94806348	0
10904	3	79.31883432	0
16416	3	79.31883452	0
10651	3	79.31883462	0
1217	3	82.96104918	0
28380	3	82.96104928	0
33980	3	82.96104958	0
12939	3	83.50074739	0
41847	3	83.61470254	0
16242	3	83.61470264	0
28479	3	83.61470274	0
35924	3	83.61470284	0
793	3	83.61470294	0
27405	3	83.8764523	0
7755	3	84.13861661	0
46841	3	84.13861681	0
55239	3	84.13861691	0
51609	3	84.13861701	0.202583215
27233	3	84.13861711	0
34826	3	84.98043302	0
32802	3	84.98043312	0
49056	3	84.98043322	0
36701	3	85.27808028	0
21660	3	109.3384549	0
35333	3	109.5882663	0
5063	3	109.884915	0
7106	3	110.2444552	0
45347	3	111.1267794	0
6756	3	111.4347295	0.060576834
31916	3	111.4347296	0
22042	3	111.4347297	0
47160	3	111.4347298	0
32547	3	111.6922889	0
28447	3	111.9408837	0
12442	3	111.9408838	0
19180	3	111.9408839	0.091360116
31384	3	111.9408841	0
1928	3	112.3173821	0
14168	3	112.714289	0
43747	3	112.7142892	0
30473	3	112.975786	0
26289	3	113.2372358	0
10512	3	113.2372359	0
21432	3	113.237236	0
25972	3	113.2372361	0
46851	3	113.2372363	0
12725	3	113.2372364	0
52851	3	113.4985867	0
49644	3	113.7620859	0
38346	3	113.762086	0
18143	3	114.2899578	0
50288	3	114.2899579	0
30441	3	114.289958	0
41494	3	114.5536037	0
1128	3	115.8890626	0
15026	3	115.8890627	0
11335	3	115.8890628	0
53496	3	115.889063	0
7645	3	115.8890631	0
7158	3	115.8890632	0
2746	3	117.1426042	0
34354	3	117.778218	0
39450	3	117.7782181	0
19191	3	118.0453323	0
856	3	118.0453324	0
49278	3	118.5720635	0
15816	3	118.5720636	0
9766	3	118.5720638	0
41072	3	120.3994633	0
51620	3	120.6958427	0
20874	3	121.4993625	0
7708	3	121.4993627	0
3442	3	121.4993628	0
2661	3	122.7759056	0
49010	3	122.7759057	0
25150	3	123.2473978	0
42976	3	123.6324907	0
13283	3	123.6324908	0
3670	3	123.9093063	0
42214	3	123.9093065	0
32499	3	123.9093067	0
55650	3	124.9708525	0
55450	3	124.9708526	0
24332	3	125.8286504	0
7284	3	125.8286505	0
29133	3	125.997486	0
48178	3	175.6893353	0
21032	3	175.8029732	0
52070	3	180.1515266	0
39863	3	180.4107352	0
20584	3	180.4107353	0
3336	3	182.3192104	0
21566	3	189.5723857	0
23943	3	191.1511427	0
21325	3	192.4402042	0
55388	3	193.589069	0
16057	3	195.7644987	0
1848	3	196.6758398	0
23371	3	198.7152647	0
45753	3	198.7152648	0
24343	3	205.9203558	0
52269	3	207.3050942	0
11857	3	207.6036496	0
22597	3	207.8759925	0
42007	3	208.1948624	0
771	3	209.6555436	0
26393	3	210.8891314	0.082608855
46104	3	215.120021	0
29795	3	215.1200211	0
30330	3	215.3473458	0
37030	3	219.2980505	0
15515	3	219.6042212	0.020525042
21322	3	219.8460313	0
34857	3	219.8460314	0
20357	3	220.1081779	0.068129329
8009	3	220.6710825	0
3684	3	222.3056394	0
15547	3	222.3056395	0
45646	3	223.4101598	0
46012	3	223.7380329	0
31541	3	223.738033	0
17322	3	225.6247517	0
10325	3	227.0824389	0
1100	3	227.5662338	0
17107	3	228.2687036	0
50077	3	228.621225	0
15828	3	228.6212251	0
1375	3	228.6212252	0
54453	3	228.8814931	0
14519	3	228.8814933	0
18496	3	228.8814934	0
24201	3	228.8814937	0
11991	3	228.8814938	0
30968	3	228.8814939	0
20356	3	228.8814941	0
29561	3	228.8814943	0
55881	4	8.655437453	0
50703	4	15.91064933	0
37968	4	15.91064953	0
32741	4	16.17518065	0
6459	4	16.17518075	0
38434	4	16.17518085	0.024002332
45801	4	16.17518095	0
46889	4	16.17518105	0
38888	4	17.10407616	0
2166	4	18.3463676	0
5775	4	18.3463677	0
47580	4	18.67240996	0
47011	4	21.64925302	0
50878	4	21.64925322	0
12302	4	21.64925332	0
34985	4	21.92836282	0
29813	4	22.53990203	0
41646	4	22.81777891	0
32192	4	25.95723756	0
33390	4	26.96470732	0
55427	4	28.84647168	0
46872	4	28.84647178	0
47179	4	29.3885494	0.082352386
9258	4	30.07475353	0
55889	4	31.47241055	0
53646	4	32.80987937	0
17841	4	42.28199008	0
36818	4	42.56068389	0
48877	4	42.56068399	0
29411	4	42.90461042	0
52646	4	44.01564472	0
34571	4	44.27457182	0
11349	4	44.27457192	0
48111	4	44.27457202	0
50028	4	50.46868152	0.018689714
37204	4	50.48523525	0
54282	4	51.31954106	0
35894	4	51.31954116	0
26765	4	51.95858528	0
47940	4	54.26861227	0
5687	4	54.26861237	0
37618	4	54.26861257	0
29924	4	55.05966722	0
49956	4	55.05966732	0
50642	4	56.52833933	0
44607	4	56.52834005	0
19015	4	57.10437003	0
16493	4	57.70084371	0
14933	4	58.09529259	0
6233	4	58.09529269	0
51343	4	58.62760388	0
32876	4	58.62760398	0
20262	4	60.11830373	0
12090	4	61.2369243	0
43720	4	61.2369244	0
25716	4	63.08948412	0
8060	4	63.43329827	0
12441	4	64.28749294	0
21727	4	64.28749304	0
52160	4	64.28749314	0
8397	4	65.42412198	0
52176	4	65.42412208	0
51371	4	65.42412218	0
49259	4	89.57810626	0
33674	4	89.57810636	0
22181	4	90.12507309	0
46506	4	90.39403401	0
15520	4	90.39403411	0
36610	4	91.37784125	0
24944	4	94.58479155	0
24416	4	95.68401685	0
47667	4	96.19605087	0
44915	4	96.45470296	0
45267	4	96.71634151	0
14087	4	96.71634161	0
29255	4	96.71634171	0
3260	4	96.71634181	0
18289	4	97.50339246	0
31875	4	97.50339266	0
5538	4	97.79288622	0
11015	4	97.79288632	0
45822	4	97.79288652	0.043825612
12955	4	97.79288662	0
45383	4	131.7823026	0.245804066
32924	4	132.7750823	0
54851	4	132.7750825	0
8474	4	133.5825386	0
15107	4	133.5825387	0
53461	4	134.3782328	0
36672	4	134.6342116	0.045478324
37172	4	134.6342117	0
27991	4	134.8953774	0
37904	4	134.8953775	0
30613	4	135.6966969	0
53591	4	136.5083731	0
47634	4	137.7299526	0
48127	4	138.121869	0
37140	4	138.3499748	0
23318	4	138.3499749	0
43094	4	138.349975	0
11074	4	138.6158701	0
44950	4	138.6158702	0
16953	4	138.8740543	0
38116	4	138.8740544	0
6456	4	138.8740545	0
34397	4	139.1345105	0
5387	4	139.1345106	0
22336	4	139.1345108	0
25958	4	139.6567148	0
22097	4	139.6567149	0
40024	4	139.656715	0
523	4	139.6567151	0
29610	4	139.6567152	0
21397	4	139.6567153	0
30575	4	139.6567154	0
34208	4	139.6567155	0.061250696
211	4	139.6567157	0
29815	4	140.1789913	0
50654	4	140.1789914	0
51160	4	140.4391173	0
48637	4	140.4391176	0
36865	4	140.4391177	0
34265	4	140.4391179	0
30282	4	140.4391181	0
39487	4	140.4391182	0
6039	4	140.4391183	0
12116	4	140.4391184	0
16274	4	140.6767801	0
20600	4	140.6767803	0
1091	4	140.6767804	0
29252	4	140.9144421	0
46740	4	140.9144422	0
2342	4	140.9144423	0
10640	4	140.9144424	0.039958731
25287	4	140.9144425	0
28997	4	140.9144426	0
22857	4	140.9144427	0
41221	4	140.9144429	0
42572	4	140.914443	0
48022	4	140.9144431	0
26157	4	141.1745764	0
40483	4	141.1745765	0
26827	4	141.1745766	0
30694	4	141.6968046	0
40191	4	141.6968047	0
35862	4	141.6968048	0
48575	4	141.6968049	0
13910	4	142.1977416	0
3649	4	142.1977417	0
24019	4	142.4366171	0
49913	4	142.6971457	0
53401	4	142.6971458	0
40994	4	142.6971459	0
29669	4	142.697146	0
195	4	142.6971461	0
12212	4	142.6971462	0
2137	4	142.6971463	0
54818	4	142.6971465	0
47276	4	142.6971466	0
379	4	142.6971468	0
16169	4	142.6971469	0
30670	4	142.697147	0
16533	4	142.6971471	0
23224	4	142.6971472	0
26578	4	142.6971474	0.011348861
32182	4	142.6971475	0
38399	4	142.8364341	0
33525	4	142.9757216	0
54817	4	142.9757217	0
16219	4	142.9757218	0
4437	4	142.9757219	0
47874	4	142.975722	0
43046	4	142.9757222	0
24882	4	142.9757223	0
28461	4	143.5080616	0
16420	4	143.5080617	0
3121	4	143.5080618	0.104388401
48884	4	143.8671223	0
19858	4	143.8671224	0
55246	4	145.4719288	0
1689	4	146.5958895	0
23182	4	147.1600782	0
51787	4	147.1600783	0
4771	4	149.334239	0
39781	4	150.8051825	0
6146	4	150.8051826	0
15818	4	152.2900249	0
46460	4	152.290025	0
25948	4	154.0482352	0
10288	4	154.368544	0
11809	4	155.4388905	0
2600	4	156.6845559	0
32098	4	160.1958688	0.067408115
9037	4	162.0626073	0
39091	4	165.4293852	0
308	4	175.39529	0
1363	4	175.3952901	0
53189	4	175.8184251	0
54080	4	175.8184252	0
13995	4	185.0300202	0
34650	4	186.9909005	0.02712176
49537	4	189.0581584	0.013634593
15934	4	190.4437992	0
10563	4	190.4437994	0
15553	4	196.8637543	0
16646	4	197.3826652	0
10911	4	197.7621543	0
3898	4	197.7621544	0
29192	4	197.7621545	0
50253	4	197.7621546	0
37564	4	197.7621547	0
17050	4	197.7621548	0
38721	4	197.7621549	0
55290	4	197.762155	0
24843	4	198.3824182	0
45508	4	198.5918149	0
30160	5	1.555101202	0
33693	5	1.555101302	0
18552	5	1.555101402	0
33119	5	2.485437641	0
2878	5	2.743477547	0
23969	5	2.743477647	0
17607	5	2.743477747	0
14410	5	2.743477847	0
26419	5	3.529211919	0
365	5	3.529212019	0
33447	5	3.529212119	0
40952	5	3.529212219	0
2639	5	3.799941435	0
8436	5	3.799941535	0
12053	5	3.799941635	0
53065	5	4.020118094	0
25049	5	10.33886715	0
2126	5	10.60801882	0
40115	5	29.75535601	0
3382	5	29.75535611	0
39364	5	29.75535621	0
8314	5	29.75535631	0
49659	5	31.47998075	0
31847	5	32.05306432	0
52629	5	34.26667931	0
21832	5	36.07830604	0
50001	5	39.12075554	0
34512	5	39.12075564	0
28197	5	39.12075574	0
46158	5	40.19059643	0
29918	5	40.46511847	0
37362	5	40.46511857	0
35930	5	40.46511867	0
7842	5	41.36616866	0
8074	5	44.50047954	0
39597	5	46.3456135	0
13374	5	46.64866784	0
8291	5	47.21924166	0
48953	5	48.91978297	0
26049	5	49.21304313	0
47793	5	51.96507241	0
48481	5	51.96507251	0
27508	5	53.76698256	0
27532	5	53.76698266	0
22330	5	54.61201315	0
741	5	54.61201325	0
32640	5	55.68560704	0
13212	5	56.21524621	0
7572	5	56.21524631	0
50828	5	56.7360215	0
51700	5	56.7360217	0
17682	5	56.7360218	0
2047	5	59.12044429	0
37990	5	59.12044439	0
4612	5	59.4090813	0
54597	5	59.4090814	0
40859	5	59.4090815	0
31187	5	59.4090817	0
37582	5	59.4090818	0
37239	5	59.4090819	0
6102	5	59.409082	0
2009	5	59.6712406	0
35051	5	59.6712408	0
31313	5	59.6712409	0
18062	5	59.671241	0
15739	5	59.6712411	0
35750	5	60.72579586	0
36336	5	60.72579606	0
20732	5	60.72579626	0
27186	5	60.96866851	0
14030	5	60.96866861	0
44098	5	60.96866871	0
53835	5	61.24862415	0
3540	5	61.24862425	0
23437	5	61.5384407	0
17404	5	62.48285024	0
15687	5	62.48285034	0
51570	5	63.14999229	0
24799	5	63.14999239	0
10228	5	63.14999249	0
14543	5	63.14999259	0
36271	5	63.14999269	0
47117	5	63.41016147	0
42147	5	63.41016157	0
49357	5	63.67255333	0
50099	5	63.89351397	0
42199	5	68.78348478	0
20066	5	74.26884401	0
55569	5	74.26884411	0
3783	5	75.82987452	0
8220	5	76.12101366	0
43218	5	76.12101386	0
38658	5	76.12101396	0
20927	5	76.38222415	0
34018	5	77.03586684	0
55729	5	77.69075169	0
4395	5	77.69075179	0
4541	5	77.69075189	0
48062	5	78.74078878	0
38225	5	78.74078888	0
16201	5	79.26584242	0
40103	5	79.26584252	0
4916	5	79.26584262	0
52203	5	79.52616926	0
25128	5	80.47482642	0
14469	5	80.78154771	0
29979	5	81.31472316	0
7938	5	82.28788804	0
30100	5	82.28788814	0
55463	5	83.15425911	0
17528	5	83.15425921	0
27799	5	83.15425941	0
26561	5	83.15425971	0
9178	5	83.74106463	0
55953	5	84.94784312	0
7515	5	85.41183396	0
1037	5	85.79057576	0
32685	5	85.79057586	0
17635	5	85.79057596	0
28005	5	85.79057606	0
14046	5	85.79057626	0
38778	5	85.79057646	0
47373	5	86.06176112	0
28525	5	86.06176122	0
42696	5	86.06176132	0
30826	5	98.67928508	0
37984	5	98.90624296	0
28589	5	99.48862872	0
6138	5	100.0283747	0
13372	5	101.0908245	0
51358	5	101.4208705	0
50420	5	102.704897	0
52729	5	103.6935158	0
32449	5	106.0220045	0
17942	5	106.0220046	0
44638	5	106.0220047	0
19684	5	106.0220049	0
19488	5	106.022005	0.296849987
21411	5	106.2902406	0
35596	5	107.6390326	0
11584	5	108.4381997	0
45721	5	108.4381998	0
54029	5	109.2217412	0
9036	5	109.2217413	0
22499	5	110.5569059	0
35232	5	110.556906	0
19133	5	110.5569061	0
1678	5	110.5569062	0
49387	5	110.5569063	0
12071	5	110.5569064	0
16632	5	112.5381019	0
15487	5	112.7997807	0
10998	5	113.355246	0
48576	5	113.9843005	0
41499	5	115.5646115	0
41391	5	116.5815901	0
21487	5	116.5815902	0
8788	5	117.1139877	0
32822	5	117.4710899	0
5574	5	118.174187	0
37438	5	118.435097	0
52361	5	119.4795363	0
14959	5	120.2477987	0
37872	5	125.1187492	0
25296	5	125.3620147	0
42381	5	134.060249	0
9160	5	144.0750858	0
8991	5	144.3002939	0
53677	5	145.6159968	0
39410	5	148.7726916	0
11061	5	174.2352202	0
28089	5	175.7655235	0
43252	5	176.6819665	0
44441	5	177.5646434	0
23167	5	177.8206385	0
21891	5	179.151366	0
53824	5	180.4645107	0
19587	5	180.8082559	0
28746	5	181.0845725	0
2123	5	183.5700776	0
17346	5	183.5700777	0
29201	5	184.2779785	0
6631	5	184.6263078	0
34951	5	185.2813292	0
10143	5	185.9406354	0
33236	5	185.9406355	0
51205	5	185.9406357	0
20131	6	0	0
5175	6	1.29081669	0
49395	6	1.29081689	0
53325	6	1.314098091	0
48744	6	1.851232625	0
41483	6	2.116010476	0
40435	6	2.37215742	0
37660	6	4.024377694	0
16056	6	4.024377794	0
29798	6	4.024377894	0
23381	6	5.511608697	0
55826	6	5.550637079	0
22257	6	12.41517474	0
4780	6	13.34179265	0
48617	6	15.02670632	0
35005	6	19.75183997	0
17168	6	22.20549419	0
29749	6	24.47161742	0
32962	6	24.47161752	0
34352	6	24.47161772	0
29606	6	28.36328523	0
4486	6	33.36575898	0
37157	6	48.26321814	0
50480	6	48.26321824	0
27280	6	49.03692852	0
31041	6	49.03692862	0
16302	6	49.30201669	0
52979	6	52.08359961	0
8872	6	52.21676776	0
52360	6	53.76308824	0
55667	6	57.7336183	0
49256	6	58.07336467	0
31507	6	58.07336477	0
6273	6	58.33616332	0
38288	6	58.59861646	0
1793	6	58.59861656	0
14423	6	58.59861666	0
40106	6	58.59861696	0
13543	6	58.59861706	0
16359	6	58.59861716	0
42587	6	58.59861736	0
12132	6	58.59861746	0
20002	6	58.59861756	0
13095	6	58.59861766	0
39589	6	58.59861776	0
6375	6	58.59861786	0
22583	6	58.9366882	0
14108	6	58.9366883	0
1842	6	59.80510551	0
34682	6	59.80510561	0
51603	6	59.80510571	0
44549	6	60.43456962	0
4058	6	60.43456972	0
13447	6	61.22646824	0
20483	6	61.22646834	0
35508	6	61.22646854	0
46479	6	61.89094572	0
53417	6	62.55852536	0
8800	6	62.81423657	0
8181	6	63.34253839	0
19076	6	63.34253849	0
27524	6	63.34253879	0
25842	6	63.34253889	0
28859	6	63.34253899	0
8733	6	63.34253909	0
5033	6	63.6033491	0
53113	6	63.84982411	0
23701	6	63.84982431	0
31539	6	65.46347906	0.000955237
47434	6	65.46347916	0
17223	6	65.46347926	0
16980	6	65.72875092	0
38226	6	66.25535917	0
45009	6	67.32922264	0
37573	6	68.3171415	0.025791509
37521	6	68.3171416	0
27154	6	68.3171417	0
30915	6	68.71060765	0
29894	6	69.10609577	0
54902	6	69.10609587	0
50509	6	69.63322272	0
50072	6	70.34348442	0
33398	6	70.69504189	0
18989	6	70.69504199	0
47840	6	70.95384697	0
47051	6	70.95384717	0
31971	6	71.21704439	0
10954	6	71.21704459	0
12206	6	71.93437429	0
22015	6	72.82220367	0
32930	6	73.86089384	0
7863	6	73.86089394	0
16607	6	73.86089404	0
37982	6	75.27670374	0
11214	6	75.27670384	0
10058	6	75.54464188	0
5825	6	77.58745971	0
54220	6	77.84537509	0
50066	6	77.84537519	0
49533	6	77.84537529	0
28430	6	78.11578618	0
23758	6	78.18179179	0
35074	6	81.67696849	0
26142	6	81.67696869	0
4155	6	81.67696879	0
18877	6	81.67696889	0
42417	6	82.15105439	0
34790	6	84.87516828	0
2357	6	84.87516838	0
26649	6	86.97197262	0
42238	6	87.55010044	0
587	6	87.8631348	0
30451	6	101.2346647	0
33012	6	101.2346649	0
32365	6	101.4967667	0
18572	6	101.782937	0
32258	6	101.7829371	0
36205	6	101.7829372	0
12563	6	101.7829373	0
13397	6	101.7829374	0
41562	6	101.7829375	0
29526	6	101.7829376	0
20180	6	101.7829377	0
50515	6	101.7829378	0
46178	6	101.7829379	0
98	6	101.782938	0
32910	6	101.7829381	0
13992	6	101.7829382	0
18228	6	101.7829383	0
17087	6	101.7829384	0
21568	6	101.7829385	0
9796	6	101.7829386	0
22690	6	102.0430213	0
16623	6	102.0430214	0
34003	6	102.0430216	0
30402	6	102.0430217	0
35036	6	102.0430218	0
17437	6	102.0430219	0
44309	6	102.043022	0
54819	6	102.0430221	0
30050	6	102.3031055	0
43985	6	102.3031056	0
16030	6	102.3031057	0
35262	6	102.3031058	0
38158	6	102.3031059	0
16625	6	102.303106	0
41226	6	102.3031065	0
12822	6	102.5551571	0
22758	6	102.5551572	0
29744	6	102.9162415	0
3862	6	105.2679216	0
15075	6	105.2679217	0
54125	6	105.6042225	0
15094	6	105.6042226	0
2629	6	106.3003184	0
14475	6	106.3003185	0
3412	6	106.5661561	0
10249	6	106.5661562	0
19457	6	107.6278062	0
50964	6	107.6278064	0
3435	6	107.8938018	0
16788	6	107.8938019	0
30333	6	108.5853852	0
23563	6	108.9342835	0
22234	6	108.9342836	0
7100	6	109.7234186	0
2796	6	109.7234187	0
45475	6	111.6348376	0
29239	6	111.8811774	0
4475	6	111.8811775	0
38356	6	113.5228983	0
38847	6	113.5228984	0
7255	6	113.8460859	0
14801	6	115.004285	0
49372	6	119.4011421	0
663	6	119.4893457	0
16468	6	120.3547317	0
55071	6	121.5680834	0
18328	6	122.1570259	0
3205	6	122.694074	0
51046	6	123.7901097	0
15205	6	123.7901098	0
15197	6	123.7901099	0
16755	6	124.0523216	0
39846	6	124.862127	0
38902	6	125.386448	0
53935	6	126.1876806	0
43930	6	126.1876807	0
18483	6	128.7163017	0
55437	6	128.7163018	0
40661	6	128.7163019	0
12327	6	130.5867016	0
36584	6	130.5867017	0
754	6	132.1634613	0
10315	6	132.1634614	0
21895	6	133.5315331	0
24983	6	134.6135439	0
9495	6	138.7865072	0
37625	6	139.4281618	0
19620	6	139.4281619	0
43238	6	139.7128798	0
41787	6	139.7128799	0
43645	6	139.71288	0
54306	6	140.6201936	0
49660	6	162.3594787	0
21335	6	162.4110738	0
11201	6	174.5217631	0
44461	6	174.6090032	0
9722	6	174.6090033	0
10642	6	177.2051773	0
14880	6	179.7317042	0
55174	6	180.3933052	0
46182	6	180.6984191	0
35504	6	180.6984192	0
25493	6	180.6984193	0
54762	6	180.6984194	0
47147	6	184.3524745	0
38752	6	185.804532	0
36283	6	187.2365664	0
38826	6	188.141317	0
53829	6	188.1413171	0.069227924
6444	6	188.1413172	0
3351	6	188.4069953	0
19905	6	188.6749069	0
44094	6	189.7489116	0
49922	6	189.7489117	0
40246	6	190.5526026	0
30836	6	190.6654305	0
2467	6	190.9529293	0
43239	6	190.9529296	0
46180	7	2.012237167	0
32625	7	2.901638621	0
25480	7	2.901638721	0
34285	7	4.282184673	0
5281	7	4.574314897	0
52345	7	4.574314997	0
35198	7	10.40735897	0
34872	7	19.25804733	0
45450	7	27.50480874	0
11972	7	31.16369461	0
34714	7	34.91089263	0
50192	7	35.15718585	0
54114	7	38.36588063	0
45945	7	40.6582809	0
43513	7	72.93451463	0
19683	7	73.21324359	0
39831	7	76.60955172	0
12564	7	76.73998906	0
18708	7	76.73998916	0
38297	7	76.73998926	0
51548	7	77.00111333	0
10938	7	77.53546097	0
20090	7	77.79660512	0
3627	7	77.79660522	0
42433	7	77.79660542	0
24682	7	77.79660552	0
35800	7	77.79660562	0
9446	7	77.79660572	0
46643	7	77.79660582	0
7043	7	77.79660592	0
31071	7	77.79660602	0
54480	7	77.79660612	0
5247	7	77.79660632	0
50824	7	79.29882257	0
7934	7	79.64532343	0
52855	7	80.17280202	0
7845	7	80.69694131	0
24232	7	80.69694141	0
25313	7	80.69694151	0
40215	7	80.69694181	0
4662	7	80.69694191	0
15870	7	81.22458308	0
8747	7	81.48656915	0
1455	7	81.48656925	0
50896	7	81.56218005	0
52857	7	81.56218015	0
13724	7	87.28849907	0
23236	7	87.28849917	0
37569	7	87.54899544	0
49195	7	87.54899564	0
51643	7	87.54899574	0
10105	7	87.81221597	0
43479	7	88.0753692	0
55697	7	88.61128183	0
52628	7	88.61128193	0
10698	7	89.11994083	0
28534	7	89.11994093	0
28777	7	89.92026656	0
34228	7	90.44561809	0
1929	7	90.44561819	0
42913	7	90.44561829	0
16058	7	90.44561839	0
45518	7	90.44561849	0
49763	7	90.44561859	0
971	7	90.97064477	0
29207	7	91.67731435	0
17074	7	91.67731445	0
55028	7	92.30419665	0
43808	7	92.58404407	0
3663	7	109.7511812	0
25007	7	109.9547436	0
49851	7	110.1759208	0
15198	7	110.1759209	0
53365	7	110.175921	0
24789	7	110.1759212	0
16916	7	111.5028611	0
41401	7	111.5028612	0
1696	7	111.5028613	0
52874	7	111.5028615	0
34148	7	111.7601803	0
47414	7	113.3001146	0
28898	7	115.0928852	0
9965	7	115.3952494	0
10204	7	115.3952495	0
5871	7	116.8813354	0
19391	7	116.8813355	0
28670	7	118.102132	0
19272	7	118.9602348	0
43737	7	118.9602349	0
462	7	119.2271374	0
48466	7	119.2271375	0
3850	7	120.9715347	0
18675	7	121.3109901	0
7076	7	121.6040593	0
22478	7	123.590713	0
46015	7	123.8064963	0
41905	7	124.0850157	0
45894	7	124.0850158	0
39233	7	127.3443961	0
48337	7	127.3443962	0
25422	7	128.7473123	0
17051	7	128.7473124	0
51812	7	131.7909268	0
35230	7	132.4989406	0
31719	7	132.4989408	0
10953	7	135.9232508	0
18622	7	136.2139742	0
20616	7	137.9973005	0
29853	7	138.3020976	0
25679	7	141.71835	0
47991	7	143.6882394	0
53926	7	144.2775653	0
4506	7	145.2959041	0
22786	7	145.8208012	0
13676	7	146.3456687	0
17100	7	146.6047831	0
26107	7	147.3075408	0
36597	7	147.307541	0
15743	7	148.0151786	0
54899	7	148.9207789	0
1452	7	150.5028628	0.035188778
10756	7	150.5028629	0
33679	7	150.502863	0
30446	7	152.4249277	0.499801674
20693	7	152.9429946	0
45970	7	154.9303225	0
35270	7	155.256232	0
6934	7	156.4239439	0
44355	7	156.4239441	0
20792	7	157.7524382	0
5836	7	157.7524383	0
4066	7	157.7524384	0
19321	7	157.7524386	0
44923	7	158.3770932	0
33470	7	158.3770945	0
23364	7	159.297983	0
6684	7	159.9134457	0
7012	7	159.9134458	0
48372	7	161.0038304	0
25026	7	161.5261495	0
51263	7	171.1703842	0
1094	7	171.341002	0
12734	7	171.6391023	0
42259	7	172.1899813	0
36835	7	172.1899814	0
4708	7	173.8390097	0
4628	7	174.9821148	0
48815	7	174.9821149	0
48887	7	175.0916772	0
39725	7	175.3476676	0
28602	7	175.3476677	0
21402	7	175.9839463	0
31335	7	175.9839464	0
10959	7	176.1968648	0
38205	7	176.1968649	0
45451	7	182.2386554	0
44868	8	0	0
10669	8	2.653059813	0
31103	8	2.87937708	0
43101	8	2.87937718	0
9422	8	5.328882864	0
37245	8	7.932714995	0
31028	8	9.869057164	0
38261	8	10.54912561	0
31787	8	12.42758779	0
40935	8	13.18075724	0
34659	8	13.45013957	0
2502	8	14.19553983	0
41879	8	14.19553993	0
33148	8	14.19554003	0
41649	8	16.45490155	0
48299	8	30.17459186	0
32133	8	35.10796135	0
6503	8	39.04787299	0
9357	8	40.09615924	0
14134	8	45.59876589	0
19115	8	45.72192055	0
33313	8	45.72192065	0
30849	8	50.00296083	0
42488	8	50.25578419	0
51859	8	52.56990514	0
54655	8	52.56990524	0
35190	8	52.56990544	0
38824	8	53.0416461	0
35591	8	53.56362514	0
38685	8	53.56362544	0
51422	8	54.08601789	0
53608	8	54.08601799	0
16037	8	54.08601809	0
24578	8	54.08601849	0
2271	8	54.08601859	0
53849	8	54.60980523	0
6569	8	54.60980533	0
32108	8	54.60980543	0
15173	8	54.60980553	0
5640	8	55.14080843	0
52004	8	55.14080853	0
11137	8	55.14080863	0
6112	8	55.40974541	0
131	8	56.41417017	0
45343	8	56.80372876	0
51957	8	57.09859561	0
18009	8	58.36065052	0
14632	8	58.61661035	0
13880	8	58.61661045	0
54025	8	59.41940336	0
38631	8	59.41940346	0
22898	8	59.41940356	0
35917	8	59.67704897	0
34856	8	59.67704907	0
27401	8	60.4659416	0
16231	8	75.03987137	0
28115	8	75.30518478	0
42391	8	75.90857836	0
34912	8	76.83979829	0
8712	8	77.67238003	0
31957	8	77.67238023	0
37961	8	77.67238033	0
41538	8	77.67238043	0
27598	8	78.0974745	0
32594	8	79.25153172	0
40335	8	80.07694333	0
42540	8	80.07694343	0
1395	8	80.1191377	0
1537	8	83.51305934	0
43010	8	85.8940927	0
35805	8	86.14469606	0
55511	8	86.67225181	0
33152	8	86.67225201	0
48647	8	86.67225211	0
28186	8	87.7372384	0
40075	8	87.98887303	0
31474	8	87.98887313	0
22714	8	87.98887323	0
29506	8	88.251971	0
22173	8	88.2519711	0
54870	8	88.51397578	0
29391	8	88.51397588	0
23376	8	88.98483596	0
44022	8	89.29354681	0
45168	8	89.29354691	0
34033	8	89.75506579	0
5319	8	90.23961953	0
53641	8	90.23961963	0
47443	8	90.62204728	0
36677	8	90.88295659	0
18915	8	90.88295669	0
48567	8	91.12331736	0
33037	8	91.92315351	0
45264	8	92.16112123	0
6572	8	92.42728713	0
55051	8	92.42728723	0
24858	8	92.82421249	0
9021	8	93.20668915	0
8215	8	93.20668925	0
7895	8	93.63254555	0
9950	8	94.49712528	0
16213	8	94.81119153	0
55367	8	94.81119163	0
27432	8	94.81119183	0
29527	8	95.33772181	0
42586	8	95.33772191	0
50775	8	95.33772201	0
28664	8	96.39804731	0
52166	8	96.39804741	0
53698	8	96.39804751	0
49933	8	96.67714749	0
23953	8	96.67714759	0
49954	8	96.67714769	0
51256	8	96.67714779	0
13906	8	97.24114672	0
46712	8	97.51574679	0
47910	8	98.07496835	0
2879	8	98.63902781	0
40373	8	98.63902791	0
27064	8	99.51568826	0
25247	8	100.0930193	0
53448	8	100.9571073	0
43649	8	100.9571074	0
34859	8	100.9571075	0
53538	8	101.221199	0
29777	8	101.4870635	0
50838	8	101.887545	0
21410	8	102.2834798	0
20286	8	102.2834799	0
31238	8	102.28348	0
16560	8	102.2834801	0
17278	8	102.8082246	0
45367	8	103.3328099	0
20586	8	103.3328101	0
47116	8	103.3328102	0
25166	8	103.3328103	0
30355	8	103.8555247	0
31888	8	103.8555248	0
37375	8	103.8555249	0.067902967
15824	8	104.1157537	0
19145	8	104.1157538	0
43039	8	104.1157539	0
53135	8	104.1157541	0
44665	8	104.1157542	0.023093455
39197	8	104.1157543	0
31838	8	104.3790927	0
48339	8	104.6371359	0
34885	8	104.637136	0
13991	8	104.6371361	0
22691	8	104.8973139	0
9401	8	104.897314	0
28100	8	104.8973141	0
36424	8	104.8973142	0
29155	8	104.8973143	0
28358	8	104.8973144	0
48165	8	104.8973145	0
46356	8	105.1574888	0
26555	8	105.1574889	0
8145	8	105.157489	0
26240	8	105.1574891	0
20903	8	105.1574892	0.04570492
4051	8	105.1574893	0
32128	8	105.1574895	0
488	8	105.1574896	0
10559	8	105.1574897	0
29726	8	105.1574898	0
50279	8	105.1574899	0
5407	8	105.15749	0.03509579
53914	8	105.4176845	0
33288	8	105.4176846	0
3654	8	105.4176848	0
32487	8	105.4176849	0
53003	8	105.417685	0
9373	8	105.4176851	0
41359	8	105.4176852	0.00087391
3112	8	105.4176854	0
4258	8	105.6563518	0
385	8	105.91759	0
14940	8	105.9175901	0
18311	8	106.1564165	0
25549	8	106.1564166	0
53743	8	106.1564167	0.013765656
35030	8	106.1564168	0
1343	8	106.1564169	0
40165	8	106.156417	0.023421339
25536	8	106.4073031	0.354936306
40398	8	106.4073032	0.115487295
11652	8	106.4073033	0
35786	8	106.9181643	0
1241	8	106.9181644	0
14280	8	106.9181645	0
49072	8	106.9181646	0.193245356
36528	8	106.9181647	0
49067	8	106.9181648	0
52211	8	106.9181649	0
25989	8	106.918165	0
54541	8	106.9181651	0
39560	8	106.9181652	0
45851	8	106.9181653	0
23806	8	106.9181654	0
3995	8	106.9181655	0
41342	8	106.9181656	0
38436	8	107.1796373	0
9767	8	107.1796374	0
12778	8	107.1796375	0
21328	8	107.1796376	0
20594	8	107.1796377	0
54101	8	107.4398616	0
44424	8	107.4398617	0
21724	8	107.7000851	0
5819	8	107.7000852	0
27031	8	107.7000853	0
13415	8	107.7000854	0
54379	8	107.7000855	0
33297	8	107.7000856	0
45743	8	108.2270802	0
41254	8	108.4870094	0
41314	8	108.4870095	0
48860	8	108.7480682	0
14794	8	108.7480683	0
27354	8	108.7480684	0
2683	8	108.7480685	0
31148	8	108.7480686	0
43458	8	108.7480688	0
37234	8	108.7480689	0
9660	8	108.748069	0
40392	8	108.7480691	0
23968	8	108.7480692	0
40913	8	108.7480693	0
40783	8	108.7480694	0
38686	8	108.7480695	0
36720	8	108.7480696	0
43562	8	108.7480697	0
38496	8	108.7480698	0
30929	8	108.7480699	0
26979	8	108.7480702	0
50885	8	108.7480703	0
32891	8	108.7480704	0
14036	8	108.7480705	0
38841	8	110.0857552	0
232	8	110.0857553	0
10077	8	110.3376885	0
3116	8	110.3376886	0
20065	8	111.1336501	0
39655	8	112.6364981	0
4462	8	113.6106446	0
16993	8	113.9610601	0
53579	8	116.4400358	0
18888	8	116.7722644	0
36116	8	119.4990992	0
41393	8	119.4990993	0
18113	8	121.1092628	0
53128	8	121.1092629	0
7473	8	121.3784588	0
54736	8	121.3784589	0
33554	8	121.378459	0
10104	8	128.6277688	0
37980	8	130.1241971	0
13574	8	130.5328456	0
18968	8	133.7593473	0
35267	8	134.834111	0
22035	8	136.4499832	0
42369	8	141.6360146	0
38224	8	141.9884225	0
13269	8	143.4483263	0
42631	8	143.7892391	0
41283	8	150.4903019	0
38489	8	152.8847867	0
48805	8	153.6818705	0.035154244
22146	8	154.6475664	0
3429	8	156.6101864	0.003240077
34102	8	156.6101865	0.163989934
41179	8	156.8748529	0.150734483
42223	8	156.874853	0
33583	8	157.4629363	0.387375939
27467	8	159.5057666	1.058867237
1615	8	161.0860255	0
21259	8	161.0860256	0.022239246
30764	8	162.5637447	0
10332	8	164.0692141	0
53316	8	164.3485971	0
39834	8	164.3485972	0
45834	8	164.3485973	0
2245	8	164.3485975	0
53318	8	164.3485976	0
29980	8	164.3485977	0
17964	8	165.2751193	0
1743	9	10.51877114	0
20319	9	10.51877134	0.232941325
25658	9	11.26263894	0
47645	9	11.52580967	0
51405	9	11.52580977	0.338351061
36615	9	12.70752645	0
2585	9	13.09128352	0
53451	9	13.09128362	0
42980	9	13.37500545	0
10169	9	13.37500555	0
45145	9	13.37500565	0
31254	9	13.64600836	0
40750	9	13.92101007	0
6406	9	13.92101017	0
30252	9	14.4705661	0
25565	9	15.58686052	0
41034	9	15.84978364	0
16054	9	16.37441899	0
9267	9	16.37441909	0
47471	9	17.53074816	0
44120	9	20.82195447	0
116	9	20.82195457	0
12443	9	21.06740894	0
4967	9	21.33873544	0.082391598
37609	9	21.58897424	0
14287	9	21.58897434	0
47950	9	21.58897444	0
4449	9	21.58897454	0
51073	9	21.84942872	0
35460	9	22.10435884	0
7430	9	22.10436158	0
45770	9	22.63310609	0
2453	9	22.63310619	0
36659	9	22.89102861	0
18790	9	23.6937636	0
55309	9	24.48434418	0
14460	9	24.48434428	0
9114	9	24.48434438	0
14810	9	24.48434448	0
41119	9	24.48434458	0
17595	9	24.48434468	0
52119	9	24.74458673	0
19026	9	25.27159444	0
25113	9	25.27159454	0
48429	9	25.5331224	0
39923	9	25.79501214	0
24656	9	25.79501224	0
155	9	26.05648881	0
21068	9	26.31827298	0
2281	9	26.31827308	0
4632	9	26.31827318	0
50702	9	26.85422805	0
28617	9	27.41314459	0
13571	9	27.41314469	0
13408	9	30.37072653	0
21438	9	31.27001324	0
54465	9	31.27001344	0
24938	9	31.27001354	0
18889	9	36.78519629	0
52082	9	38.30322779	0
150	9	39.09789507	0
33113	9	39.09789517	0
17391	9	39.09789527	0
21552	9	39.09789537	0
17852	9	39.40437787	0
10043	9	40.04706751	0
31435	9	41.25633604	0
18763	9	42.97386453	0
40255	9	42.97386463	0
42875	9	43.7009196	0
23037	9	44.1834093	0
7886	9	45.98844503	0
41077	9	46.28636381	0
10797	9	46.28636391	0
13132	9	48.84771493	0
32118	9	49.09613931	0
3123	9	49.64292582	0
50533	9	50.83132353	0
22509	9	52.73736642	0
33300	9	52.73736652	0
28381	9	53.0583163	0
31049	9	53.97328869	0
14921	9	53.97328879	0
19070	9	53.97328889	0
48559	9	54.64181931	0
53012	9	56.64539785	0
40794	9	57.02303138	0
32812	9	57.30769518	0
14606	9	57.58841731	0
16711	9	58.12761253	0
17890	9	58.12761263	0
6136	9	59.57174799	0
10246	9	59.85592509	0
23029	9	61.33112158	0
51964	9	61.33112168	0
45297	9	61.33112178	0
28994	9	62.12840359	0
48688	9	62.12840369	0
5587	9	62.65934194	0
38011	9	63.45949495	0
219	9	63.45949505	0
29445	9	63.45949515	0
5098	9	63.72172562	0
55231	9	64.11825979	0
19664	9	64.11825989	0
11761	9	64.50878006	0
154	9	64.50878016	0
30465	9	64.50878026	0
50996	9	64.50878036	0
54181	9	64.50878046	0
24186	9	65.03530704	0
948	9	65.30275625	0
51438	9	66.1328896	0
7517	9	68.35809802	0
38488	9	69.06067357	0
40525	9	69.41057063	0
21136	9	69.41057083	0
6890	9	69.58301005	0
3249	9	90.13133646	0
13669	9	90.39760279	0
28756	9	90.69927791	0
8607	9	90.69927811	0
47086	9	90.96172475	0
49362	9	90.96172485	0
26815	9	90.96172495	0
28078	9	90.96172505	0
12455	9	91.28491563	0
10258	9	91.28491573	0
28780	9	91.28491583	0
49505	9	91.54557225	0
53997	9	91.54557255	0
52887	9	91.54557265	0
20386	9	91.54557275	0
34008	9	91.54557285	0
26249	9	91.80848757	0
11390	9	91.80848767	0
54749	9	91.80848777	0
36509	9	91.80848787	0.152968003
28577	9	92.06310811	0
41603	9	93.13537907	0
14298	9	93.13537927	0
32627	9	93.13537937	0
32431	9	93.38038689	0
39861	9	93.66931856	0
12830	9	93.97967524	0
8174	9	93.97967534	0
14768	9	94.25354932	0
1465	9	94.25354952	0
29665	9	95.06716869	0
9947	9	95.7203444	0
32502	9	95.96493365	0
43926	9	95.96493385	0
3647	9	95.96493395	0
55188	9	96.2170285	0
37644	9	96.2170286	0
32970	9	97.02370097	0
17330	9	97.82075854	0
25856	9	97.82075874	0
13740	9	98.08210337	0
31980	9	98.08210357	0
40881	9	98.08210367	0
49002	9	99.42179272	0
22460	9	100.2153118	0
40885	9	100.4598286	0
45595	9	100.4598287	0
32037	9	100.4598289	0
46134	9	100.459829	0
20745	9	100.4598293	0
55489	9	100.4598294	0
17757	9	100.4598295	0
15030	9	100.4598297	0
4360	9	100.7487284	0
15822	9	101.0757462	0
17557	9	121.8724987	0
47143	9	123.9727775	0
41529	9	124.3269057	0
38138	9	124.8805429	0
15909	9	125.2852027	0
29049	9	125.2852028	0
14537	9	125.2852029	0
15097	9	126.1865357	0
38940	9	127.6486363	0
25709	9	127.6486364	0
240	9	128.3064085	0
25105	9	128.9099966	0
5970	9	129.191149	0
10103	9	132.7960493	0
49441	9	136.1035915	0
37629	9	138.4986465	0
18421	9	138.6530897	0
41838	9	139.3484584	0
18480	9	140.9897208	0
28032	9	140.9897209	0
13924	9	144.9723622	0
47762	9	148.1393205	0
10914	9	151.1794123	0
6746	9	151.1794124	0
12250	9	153.1103044	0
23120	9	155.3500911	0
42914	9	156.0685355	0
22357	9	156.5525827	0.23891121
4643	9	160.0039384	0
11743	9	160.6620749	0
50887	9	160.662075	0
40443	9	164.0328282	0
20151	9	165.9107064	0
7159	9	166.2010412	0
29447	9	166.2010413	0
38521	9	167.0288425	0
5101	9	167.5903982	0
23878	9	167.5903984	0
50879	9	167.5903986	0
41421	9	169.2613094	0
1780	9	170.6544059	0
3054	9	170.9097826	0
16866	9	171.7232605	0
3190	9	171.7232606	0
36292	9	172.8088613	0
23495	9	173.6162289	0
28071	9	173.616229	0
24970	9	173.6162292	0
22717	9	173.8769576	0
53173	9	173.8769578	0
2565	9	173.8769579	0
13110	9	174.138899	0
38690	9	174.1388991	0
50146	9	174.1388992	0
21757	9	174.1388993	0
9197	9	174.1388994	0
5174	9	174.3993657	0
50244	9	174.3993658	0
2020	9	174.3993659	0
34590	9	174.399366	0
14742	9	174.3993661	0
34471	9	174.3993662	0
55694	9	174.3993663	0
49772	9	174.3993664	0
21510	9	174.3993665	0
28933	9	174.3993666	0
15371	9	174.923007	0
34827	9	175.5175796	0
51719	9	175.8062297	0
44486	9	176.4640743	0
52623	9	176.4640744	0
26676	9	178.0435367	0
37825	10	0.84965407	0
9833	10	1.51194528	0
7016	10	1.51194538	0
55476	10	1.51194548	0
51393	10	1.51194558	0
14827	10	1.904178375	0.020931372
13512	10	1.904178475	0
6659	10	1.904178675	0
23112	10	1.904178875	0
8648	10	1.904178975	0
20280	10	1.904179075	0
39527	10	1.904179575	0
38125	10	1.904179675	0
21418	10	2.692562842	0
30763	10	2.692563042	0
9868	10	3.216622674	0
13929	10	3.216622774	0
9646	10	3.492638015	0
24528	10	6.057216036	0
4637	10	9.184522868	0
24869	10	9.58799574	0
426	10	10.60321626	0
51913	10	10.93195597	0
32787	10	11.27120251	0
43891	10	14.97898003	0
300	10	15.23926265	0
16593	10	17.87091289	0
43813	10	21.1103868	0
49006	10	22.09310918	0
23140	10	26.9005	0
36902	10	30.87416902	0
42895	10	31.91853202	0
5453	10	33.90058726	0
31683	10	34.74928746	0
43619	10	35.03118392	0
11506	10	44.60906835	0
26467	10	50.08208839	0
3723	10	50.34144174	0
32311	10	53.005561	0
27185	10	53.30657496	0
45255	10	53.30657506	0
11418	10	53.66317421	0
12940	10	53.66317431	0
13744	10	54.35427181	0
50823	10	54.35427191	0
51203	10	54.35427201	0
31364	10	54.61302571	0
26333	10	55.41157221	0
51440	10	56.40689022	0
17912	10	57.49101727	0
17089	10	57.84673171	0
15958	10	59.00657138	0
36231	10	59.00657148	0
34904	10	59.53243993	0
3035	10	59.53244003	0
20395	10	59.53244013	0
32679	10	59.53244033	0
50417	10	60.7968999	0
40222	10	62.05842895	0
29792	10	62.05842905	0
44660	10	62.05842915	0
38807	10	62.05842925	0
47322	10	63.21391555	0
16735	10	63.79270573	0
13440	10	63.79270583	0
53270	10	64.31732116	0
25462	10	64.31732126	0
55023	10	64.57259266	0
5243	10	65.62797316	0
9402	10	65.62797326	0
39279	10	65.88837787	0
13471	10	65.88837797	0
20332	10	65.88837807	0
37360	10	65.88837817	0
9266	10	66.40013621	0
27653	10	66.40013641	0
4903	10	66.40013651	0
44057	10	67.19504962	0
12524	10	67.19504972	0
51076	10	67.19504982	0
26992	10	67.19505002	0
16249	10	67.19505022	0
24668	10	67.43661709	0
11746	10	67.43661719	0
32127	10	67.43661739	0
35076	10	67.69682405	0
6218	10	67.69682415	0
49094	10	67.69682425	0
26179	10	67.69682435	0
16827	10	68.66271422	0.674381536
53908	10	80.74343423	0
7923	10	89.56881877	0
47388	10	89.85520922	0
12047	10	89.85520932	0
20601	10	90.10046378	0
25982	10	90.66538826	0
7497	10	90.81102173	0
3182	10	91.02400251	0
9106	10	91.55122322	0
22149	10	91.55122332	0
35765	10	91.55122342	0
20222	10	91.55122352	0
35467	10	91.55122372	0
2176	10	91.8115717	0
29096	10	91.8115719	0
30040	10	92.33423647	0
18949	10	92.33423667	0
30623	10	92.5951254	0
13858	10	92.5951255	0
54394	10	92.5951256	0
41517	10	92.5951257	0
51795	10	92.5951258	0
31222	10	92.5951259	0
19375	10	92.5951261	0
52872	10	93.1172061	0
42338	10	93.1172062	0
45247	10	93.1172063	0
8585	10	93.1172064	0
49462	10	93.37759757	0
16526	10	93.37759777	0
51168	10	93.37759787	0
15502	10	93.61635418	0
42113	10	93.61635438	0
13546	10	93.85478916	0
18897	10	93.85478946	0
24131	10	93.85478966	0
1085	10	93.85478976	0
42386	10	93.85478996	0
40420	10	94.11474191	0
35247	10	94.11474201	0
23603	10	94.37502757	0
42579	10	94.37502777	0
14329	10	94.37502787	0
8157	10	94.37502797	0
40140	10	94.37502807	0
21419	10	94.37502817	0
44205	10	94.37502827	0
44797	10	94.37502837	0
53856	10	94.37502857	0
16931	10	94.37502867	0
37141	10	94.63547561	0
47517	10	94.63547581	0
1412	10	94.63547591	0
52703	10	94.63547601	0
47888	10	94.63547611	0
26021	10	94.63547621	0
15995	10	94.63547631	0
4970	10	94.89557676	0
341	10	94.89557686	0
5822	10	94.89557696	0
18953	10	94.89557716	0
18174	10	94.89557726	0
32680	10	94.89557746	0
10353	10	95.13359856	0
30664	10	95.13359866	0
54342	10	95.37163801	0
20525	10	95.37163831	0
20481	10	95.37163841	0
32306	10	95.37163861	0
24655	10	95.63219217	0
9009	10	95.63219227	0
29877	10	95.63219237	0
12885	10	95.63219247	0
39634	10	95.63219257	0
37176	10	95.88739641	0
10821	10	95.89268489	0
49275	10	95.89268499	0
53295	10	96.14334065	0
10932	10	96.64579027	0
20920	10	96.89615148	0
38274	10	96.89615158	0
11605	10	97.1346129	0
19663	10	97.134613	0
35182	10	97.39571646	0
53134	10	97.63386801	0
39642	10	97.63386811	0
27492	10	97.63386821	0
39228	10	97.63386831	0
48168	10	97.8715868	0
1622	10	97.8715869	0
9541	10	97.87183612	0
22419	10	98.10928905	0
5904	10	98.10928915	0
34972	10	98.10928925	0
42747	10	98.62540116	0
16078	10	98.62540136	0.358933486
43845	10	98.62540146	0
4201	10	99.14680337	0
40382	10	99.14680367	0
36661	10	99.14680377	0
27086	10	99.14680387	0
9550	10	99.14680397	0
19659	10	99.38450548	0
15790	10	99.38450558	0
26679	10	99.62220722	0
11292	10	99.62220732	0
46957	10	99.62220742	0
52965	10	99.62220762	0
9726	10	99.62220782	0
30661	10	99.62220792	0
3913	10	99.62220802	0
29839	10	100.1461839	0
24165	10	100.146184	0
44112	10	100.666392	0
5874	10	100.6663921	0
19056	10	101.4577202	0
26281	10	101.4577203	0.214612493
10279	10	101.4577205	0
14719	10	101.4577206	0
49165	10	102.2374176	0
21624	10	102.6173798	0
25682	10	104.1031972	0
19525	10	104.1031973	0
43090	10	104.1031974	0
1996	10	104.1031975	0
23503	10	104.1031976	0
2058	10	104.7902355	0
19881	10	105.4173781	0
54625	10	105.9233414	0
7541	10	107.0240951	0
23265	10	121.2689119	0
48122	10	121.5682267	0
40780	10	123.1520325	0
20096	10	124.3941575	0
46615	10	124.3941576	0
8188	10	126.5488512	0
11440	10	126.5488513	0
2699	10	127.6284011	0
49856	10	127.9321122	0
48970	10	129.2528445	0
18534	10	130.3325732	0
3250	10	130.3325733	0
50338	10	133.1660173	0
43836	10	133.5717292	0
47377	10	135.4790712	0
25502	10	135.8289127	0
12650	10	136.1365707	0
16787	10	136.1365708	0
1426	10	138.3233751	0
22935	10	140.1483579	0
45043	10	147.7831646	0
13630	10	158.2566564	0
28008	10	158.2566565	0
49631	10	159.8872738	0
7608	10	159.8872739	0
3335	10	164.2953914	0
54692	10	164.6133598	0
1248	10	165.8475514	0
12409	10	168.4069795	0
29037	10	168.9260808	0
40500	10	168.9260809	0
30627	10	169.1888894	0
3599	10	169.1888895	0
1977	10	169.738395	0
9263	10	170.2589181	0
41932	11	0	0
41414	11	1.050190759	0
30846	11	1.31200138	0
14740	11	1.6158109	0
53317	11	1.916099707	0
51515	11	2.51988134	0
49560	11	2.51988154	0
5592	11	2.782453123	0
34172	11	2.782453223	0
6227	11	2.782453423	0
44899	11	2.782453623	0
26135	11	2.782453723	0
4442	11	2.782453823	0
14371	11	2.782453923	0
39333	11	2.782454423	0
11797	11	3.006529389	0
8785	11	3.333025865	0
54471	11	3.854649271	0
54885	11	6.969436893	0
6592	11	7.398267793	0
57	11	7.398267893	0
24290	11	7.811144535	0
14927	11	7.811144735	0
15489	11	7.811144835	0
11430	11	8.607357534	0
13051	11	8.607357834	0
46092	11	8.607358034	0
3685	11	10.79593591	0
52101	11	10.79593601	0
1238	11	10.79593611	0
13489	11	10.79593621	0
50205	11	10.79593631	0
44736	11	11.85603261	0
32237	11	12.91490944	0
20608	11	12.91490954	0.144728599
38178	11	13.17870333	0
47155	11	13.17870343	0
11150	11	14.39637724	0
21200	11	14.7032117	0
21308	11	15.21732449	0
23520	11	16.4953493	0
55715	11	17.3729191	0
39188	11	17.3729192	0.332780208
49857	11	17.3729193	0.220217385
36390	11	18.60715242	0
42471	11	19.22005525	0
39569	11	20.5979243	0
19536	11	21.65486353	0
50439	11	21.65486363	0
48126	11	22.59315619	0
30424	11	23.27017991	0
46621	11	23.52382257	0
8761	11	23.52382267	0
46424	11	23.76915806	0
5610	11	23.76915816	0
23109	11	23.76915826	0
11528	11	24.78452734	0
33084	11	25.09296401	0
18215	11	25.61889556	0
27187	11	25.8843974	0
10578	11	26.17555183	0
25792	11	26.75794262	0
54411	11	28.16362402	0
53491	11	28.95806984	0.041159437
22771	11	28.98188655	0
11845	11	28.98188665	0
12095	11	28.98188695	0
29176	11	28.98188705	0
18448	11	29.76939119	0
24255	11	30.2918631	0
27498	11	30.2918632	0
6676	11	30.55203664	0
55653	11	30.55203674	0
22397	11	30.55203684	0
29412	11	30.55203694	0.134240215
45532	11	30.55203704	0.036861442
8282	11	30.8133936	0.024564294
30121	11	31.07757703	0
38031	11	31.34185049	0
39299	11	31.60760851	0.217356105
11671	11	31.60760861	0
50430	11	31.87050049	0
19471	11	32.13171354	0
14895	11	32.13171364	0
17762	11	33.73303345	0
6467	11	33.73303355	0
35155	11	34.26680324	0
45632	11	35.06597956	0
3776	11	35.85971337	0
22137	11	35.85971347	0
37306	11	35.85971357	0
14078	11	36.241252	0
43111	11	37.10077414	0
53825	11	38.09540518	0
37381	11	38.68658414	0.067872438
48586	11	42.04534948	0
2237	11	44.98883918	0
48898	11	45.86513717	0
52460	11	46.1511738	0
5573	11	46.46886711	0
18320	11	46.73955379	0
12805	11	46.73955389	0
18345	11	47.28096993	0
33307	11	47.28097003	0
38340	11	47.28097013	0
26459	11	47.53487161	0.001239558
28826	11	48.53504457	0
34202	11	48.82177066	0
19409	11	48.82177076	0
5895	11	49.41215161	0
20687	11	49.41215171	0
53240	11	50.59991497	0
21632	11	50.59991507	0
35169	11	50.89428251	0
31367	11	50.89428261	0
34711	11	50.89428271	0
22117	11	50.89428281	0
15855	11	50.89428301	0
31878	11	50.89428311	0
43061	11	51.28448917	0
40969	11	51.67589334	0
4769	11	52.19987362	0
10962	11	52.19987382	0
29944	11	52.19987392	0
44385	11	52.19987402	0
41955	11	53.52141898	0
37568	11	53.52141908	0
28678	11	53.52141918	0
53839	11	53.78249181	0
54412	11	53.78249191	0
5032	11	54.04405308	0
11398	11	54.3070538	0
30047	11	54.3070539	0
42415	11	55.01274614	0
52575	11	55.91897193	0
39532	11	55.91897203	0
36555	11	56.26011997	0
20290	11	56.26012007	0
40288	11	56.95822599	0
985	11	56.95822609	0
49651	11	56.95822619	0
36088	11	56.95822629	0
54377	11	57.48058593	0
8423	11	57.48058623	0
47693	11	57.48058633	0
44909	11	57.48058643	0
34589	11	57.48058653	0
18424	11	57.48058673	0
27490	11	57.7385162	0
4743	11	58.00178872	0
22797	11	58.00178892	0
31904	11	58.00178912	0
35729	11	58.52972775	0
18606	11	58.52972785	0
25899	11	58.78760514	0
23970	11	58.78760524	0
28743	11	59.31119399	0
42580	11	59.56970445	0
449	11	59.83109298	0
42516	11	59.83109308	0
5038	11	59.83109328	0
48489	11	59.83109338	0
12091	11	59.83109348	0
29603	11	59.83109368	0
14836	11	60.35487614	0
40690	11	60.35487624	0
29803	11	60.35487634	0
28171	11	60.35487644	0
43260	11	60.88228882	0
5710	11	60.88228892	0
4378	11	60.88228912	0
15595	11	60.88228922	0
54284	11	61.41048874	0
34673	11	61.66875463	0
32240	11	61.66875473	0
8770	11	61.66875493	0
18919	11	61.66875503	0
7162	11	61.9300669	0
54185	11	61.930067	0
40844	11	61.9300671	0
24061	11	62.33474238	0.035359593
199	11	63.55609778	0
42177	11	63.55609788	0
23426	11	64.20304577	0
13366	11	64.20304587	0
37276	11	66.81874719	0
4910	11	67.20411149	0
29912	11	67.46986749	0
50011	11	67.55793571	0
52798	11	68.16722386	0
46983	11	68.16722396	0
13997	11	68.49594615	0
46495	11	68.49594625	0
41291	11	68.49594645	0
31009	11	68.49594655	0
40992	11	68.75607788	0
10167	11	68.75607798	0
23801	11	68.75607808	0
52725	11	69.01635065	0
46572	11	69.27795539	0
4618	11	69.27795549	0
8204	11	69.79916989	0
52904	11	69.79917009	0
38379	11	69.79917019	0
30533	11	69.79917029	0
9957	11	69.79917039	0
27943	11	69.79917049	0
13595	11	69.79917059	0.048727246
48375	11	69.79917069	0
14050	11	69.79917079	0
13706	11	69.79917089	0
42281	11	70.32153978	0
48740	11	70.32153988	0
6734	11	70.32153998	0
15805	11	70.32154008	0
49177	11	70.32154018	0
33018	11	70.58177095	0
3166	11	70.58177105	0
33434	11	70.84201034	0
44063	11	70.84201044	0
11587	11	70.84201054	0
40818	11	71.10381904	0
51479	11	71.62634858	0
39561	11	71.62634868	0
877	11	72.15995058	0
48709	11	72.15995068	0
13356	11	72.42119458	0
14203	11	72.42119468	0
18758	11	72.8217728	0
23974	11	73.21563995	0
3233	11	73.48221766	0
54619	11	73.48221776	0
5017	11	73.48221786	0
36860	11	73.73926902	0
4430	11	74.00430947	0
1376	11	74.80909682	0
18478	11	74.80909692	0
25841	11	74.80909702	0
43776	11	75.07397855	0
33818	11	75.07397865	0
26381	11	75.73553464	0
29662	11	75.73553484	0
12706	11	75.73553494	0
11149	11	76.0007103	0
52949	11	76.0007105	0
9375	11	76.0007106	0
34612	11	76.26317327	0
15722	11	76.26317337	0
2370	11	77.03068047	0
18745	11	77.03068067	0
34812	11	77.03068077	0
21226	11	77.03068087	0
13411	11	77.03068097	0
54695	11	77.03068107	0
33162	11	77.29084279	0
21859	11	77.29084289	0
48597	11	77.5286847	0
1820	11	77.5286848	0
17036	11	77.5286849	0
31184	11	77.52998494	0
5778	11	77.76639885	0
8068	11	77.76639895	0
5024	11	77.76639905	0
11505	11	77.76639935	0
3697	11	77.76639955	0
35017	11	77.76639975	0
44177	11	78.02688269	0
38133	11	78.02688279	0
31940	11	78.02688309	0
17588	11	78.02688319	0
55013	11	78.28736825	0
15462	11	78.28736835	0
40031	11	78.28736845	0
43470	11	78.28736855	0
25442	11	78.28736865	0
8497	11	78.28736875	0
42544	11	78.28736895	0
21767	11	78.28736925	0
50054	11	78.28736935	0
54078	11	78.60224019	0
14641	11	80.85997983	0
42473	11	81.94869621	0
34986	11	81.94869631	0
48569	11	85.90471834	0
9283	11	87.54611915	0
51973	11	91.16818507	0
35236	11	92.88435959	0
3692	11	117.1673448	0
50735	11	119.1265511	0
715	11	120.7356798	0
19199	11	125.6821213	0
25952	11	130.1994599	0
49878	11	130.19946	0
4023	11	132.5938603	0
27952	11	138.0165987	0
50652	11	138.0165988	0
43980	11	139.8265801	0
26650	11	160.9441241	0
51359	12	0	0
12482	12	1.924077162	0
54971	12	2.382078207	0
51675	12	25.3543568	0
54302	12	26.34260104	0
13188	12	26.70006435	0
45768	12	27.41146589	0
45294	12	27.75315725	0
7905	12	28.13465796	0
25087	12	28.58334165	0
42526	12	29.49482793	0
5729	12	30.71077904	0
53977	12	30.71077914	0
45702	12	30.71077924	0
5551	12	31.5212396	0
20079	12	32.04920305	0
55797	12	32.55970293	0
51298	12	34.28416924	0
24095	12	36.00419565	0
25435	12	36.91038423	0
50843	12	36.91038433	0
23302	12	39.34344194	0
53	12	39.34344204	0
38102	12	39.96065045	0
2608	12	41.24454598	0.144825033
16771	12	41.92666721	0
36945	12	41.92666731	0
46624	12	42.99699432	0
1686	12	43.42799616	0
36324	12	43.68383787	0
32450	12	44.48848937	0
39543	12	44.48848947	0
15322	12	44.48848957	0
10622	12	44.77649029	0
24263	12	46.762509	0
5907	12	47.13702297	0
36987	12	47.73229587	0
36301	12	47.98456039	0
46311	12	49.05868322	0
33817	12	49.57956947	0
29972	12	49.90152893	0
24487	12	50.92142773	0
29660	12	51.18197803	0
54022	12	51.18197813	0
41249	12	51.18197823	0
4981	12	53.00207817	0
21654	12	53.00207827	0
22839	12	53.00207837	0
18256	12	53.39496017	0
8227	12	53.39496027	0
25691	12	54.24727613	0
22598	12	54.603492	0
39113	12	55.67958599	0
45030	12	55.67958609	0
47481	12	57.23495421	0
19200	12	57.23495431	0
36373	12	57.23495441	0
29875	12	58.63456117	0
20068	12	58.63456127	0
46159	12	59.90764371	0.034843806
50653	12	61.2661201	0
25035	12	62.45634929	0
6098	12	62.45634939	0
53870	12	64.44908361	0
23538	12	64.44908371	0.013418359
23267	12	86.66936965	0
21126	12	90.32844871	0
19810	12	90.32844881	0
35205	12	90.52827279	0
7972	12	91.44016463	0
50911	12	91.44016473	0.113978921
5811	12	97.5160626	0
28308	12	97.5160627	0
12424	12	98.24643337	0
12793	12	99.05855334	0
2602	12	100.0341132	0
2345	12	100.3021588	0
46761	12	102.6007696	0
24121	12	102.6007697	0
10380	12	102.6007698	0
20124	12	162.7148955	0
46354	12	162.7148956	0
26581	12	162.7148957	0
42741	12	162.7148958	0
31383	12	162.7148959	0
16608	12	162.975704	0
16767	12	162.9757041	0
31874	12	163.4988168	0
46947	12	163.4988169	0
44171	12	163.498817	0
23775	12	163.4988171	0
8552	12	164.650055	0
31341	12	164.9374825	0
6387	12	164.9374826	0
18298	12	164.9374827	0
55553	12	165.5106281	0
21810	12	165.5106282	0
33989	12	165.7961339	0
30012	12	166.5975307	0
25438	12	167.1734185	0
24220	12	167.1734186	0
20776	13	0	0
14064	13	35.22641208	0
29388	13	35.60562393	0
37489	13	35.60562403	0
37333	13	35.60562413	0
10910	13	35.60562423	0
47848	13	35.60562443	0
16598	13	35.86541078	0
48201	13	35.86541088	0
2276	13	35.86541108	0
37806	13	35.86541118	0
9935	13	35.86541128	0
55725	13	36.38919168	0
31556	13	36.38919188	0
55692	13	36.90773003	0
7373	13	36.90773013	0
21196	13	38.76481723	0
52775	13	39.07346478	0
51810	13	39.41193575	0
3131	13	39.41193585	0
55871	13	40.58104958	0
2487	13	42.63729929	0
2452	13	43.51592699	0
6129	13	45.13681824	0
53202	13	45.67542281	0
7833	13	45.67542291	0
13982	13	49.77335954	0
28034	13	49.77335964	0
35179	13	50.42226723	0
24698	13	60.16789095	0
21018	13	60.41266496	0
54370	13	60.41266506	0
27087	13	60.69484362	0
38019	13	63.99148824	0
20655	13	68.65725001	0
9420	13	69.03710013	0
24747	13	71.58216356	0
9192	13	71.87932664	0
12690	13	71.87932674	0
4684	13	72.14522226	0
33620	13	72.43266481	0
42334	13	73.60729011	0
55705	13	73.60729021	0
18313	13	74.52448327	0
23360	13	76.48788826	0
47960	13	76.48788836	0
12464	13	76.75361524	0
27742	13	76.75361534	0
31533	13	78.36613608	0.023560509
8678	13	78.36613618	0
8277	13	79.72276258	0
34445	13	80.51724749	0
18603	13	80.77597835	0
34629	13	81.57774712	0
27752	13	82.09890742	0
29397	13	82.09890752	0
22214	13	82.09890762	0
1975	13	82.09890772	0
38313	13	82.09890782	0
52510	13	82.09890792	0
28122	13	82.36179026	0
40287	13	82.36179036	0
28903	13	82.88910903	0
45504	13	83.41797753	0
5748	13	83.41797763	0
16785	13	83.41797773	0
25685	13	83.95367042	0
50931	13	84.48951301	0
4362	13	84.48951321	0
19503	13	84.48951331	0
50075	13	85.01266946	0
39958	13	85.80701332	0
52805	13	85.80701342	0
13481	13	86.06474649	0
35201	13	86.06474659	0
3731	13	86.86215015	0
35158	13	86.86215025	0
24369	13	86.86215035	0
29346	13	86.86215045	0
10981	13	88.4556517	0
27042	13	88.4556518	0
574	13	88.4556519	0
51550	13	88.455652	0
21355	13	88.4556522	0
16667	13	88.4556525	0
16149	13	88.4556527	0
47225	13	88.4556528	0
11031	13	88.4556529	0
29290	13	88.455653	0
41642	13	88.4556531	0
9316	13	88.4556532	0
13237	13	88.4556534	0
49854	13	88.4556535	0
49983	13	88.4556536	0
3219	13	88.4556537	0
46630	13	88.4556538	0
19585	13	88.4556539	0
10135	13	88.455654	0
29849	13	88.4556541	0
9354	13	88.4556542	0
37068	13	88.69527303	0
47970	13	88.93430348	0
21828	13	89.17620701	0
7387	13	89.17620711	0
32009	13	89.17620721	0
648	13	89.41212528	0
24988	13	89.41213585	0
8363	13	89.41213595	0
18908	13	89.41213605	0
39424	13	89.41213615	0
28425	13	89.93478586	0
42420	13	90.19868287	0
15527	13	90.19868297	0
32988	13	90.19868317	0
10021	13	90.45889502	0
32919	13	90.98557081	0
32824	13	90.98557091	0
26344	13	90.98557111	0
1233	13	90.98557121	0
54144	13	92.30674807	0
5489	13	92.30674817	0
20336	13	92.30674847	0
8781	13	92.56944304	0
38058	13	92.83130964	0
50016	13	93.09201915	0
3398	13	93.09201935	0
827	13	93.09201945	0
6608	13	93.09201975	0
8144	13	93.09201985	0
2534	13	93.37645128	0
7237	13	94.34970202	0
6143	13	94.34970212	0
51036	13	96.56423102	0
12947	13	97.19783361	0
49666	13	97.68513884	0
38384	13	97.68513894	0
41580	13	97.94606011	0
31403	13	98.29797171	0
23620	13	99.00538451	0
21368	13	99.00538461	0
49676	13	99.40131592	0
20994	13	99.79616595	0
34364	13	99.79616605	0
36188	13	99.79616615	0
33512	13	100.8501494	0
7543	13	100.8501495	0
45901	13	102.7361883	0
9962	13	102.7361884	0
29490	13	102.7361886	0
8839	13	105.7934897	0
9987	13	105.7934898	0
19049	13	106.0907276	0
4315	13	107.6521067	0
4609	13	107.9779652	0
34626	13	107.9779653	0
18538	13	107.9779654	0
52947	13	108.7711204	0
51855	13	108.7711205	0
21120	13	108.7711206	0
18460	13	109.300634	0
18182	13	110.9315487	0
43947	13	111.2015171	0
52001	13	111.7756575	0
21311	13	114.2169965	0
2830	13	114.4995462	0
26452	13	114.8242652	0
3620	13	118.82309	0
48357	13	123.5155037	0
51323	13	123.5155038	0
15691	13	124.6157309	0
43511	13	124.615731	0
694	13	125.1619859	0
3662	13	125.161986	0
27030	13	126.6816666	0
52832	13	127.042602	0
29910	13	127.0426021	0
54758	13	127.8274365	0
47990	13	129.8096515	0
40336	13	129.8096516	0
36679	13	129.8096517	0
49139	13	131.4827598	0
13686	13	132.0285039	0
3994	13	133.662995	0
34785	13	134.1505061	0
20008	13	134.4647608	0
7306	13	135.7912759	0
19197	13	137.5657414	0
29326	13	137.5657416	0
40174	13	137.8342634	0
55464	13	138.1686644	0
11003	13	139.3895744	0
50140	13	139.6952335	0
49104	13	140.0036045	0
54419	13	140.2656114	0
17576	13	140.2656115	0
38684	13	140.2656116	0
44391	13	140.5262806	0
55689	13	140.787659	0
13465	13	140.7876591	0
32287	13	140.7876592	0
3551	13	140.7876593	0
47185	13	141.0483197	0
15344	13	141.3091734	0
5971	13	141.3091736	0
2988	13	141.3091737	0
8563	13	141.3091738	0
16508	13	141.5690254	0
40781	13	141.5690255	0
11878	13	141.5690256	0
20621	13	141.5690257	0
6485	13	141.5690258	0
38097	13	141.5690259	0
53855	13	141.569026	0
37048	13	141.5690261	0
20824	13	141.5690262	0
1186	13	141.5690263	0
53786	13	141.8276855	0
51274	13	142.885865	0
24555	13	143.1465873	0
46353	13	143.4075969	0
16321	13	143.6681369	0
20676	13	143.668137	0
41274	13	143.6681371	0
46299	13	143.9283433	0
3469	13	143.9283434	0
33619	13	143.9283435	0
49391	13	144.7146874	0
3721	13	144.7146876	0
32027	13	144.7146877	0
13652	13	144.7146879	0
46883	13	144.9528371	0
6113	13	145.2135934	0
33816	13	145.2135935	0
49220	13	145.4292125	0
12684	13	145.4292126	0
51213	13	145.6672762	0
20082	13	145.6672763	0
20061	13	145.9285241	0
43273	13	146.189428	0
21814	13	146.1894282	0
157	13	146.1894284	0
17350	13	146.1894286	0
34433	13	146.427075	0
39792	13	146.4270751	0
25742	13	146.4270752	0
45366	13	146.6647789	0
23980	13	146.664779	0
42756	13	146.9249305	0
42567	13	146.9249306	0
30757	13	146.9249307	0
28000	13	147.1843429	0
23906	13	147.5786266	0
799	13	147.9685337	0
47282	13	147.9685338	0
35256	13	147.9685342	0
17957	13	147.9685343	0
48732	13	147.9685344	0
2125	13	147.9685346	0
53943	13	147.9685347	0
10071	13	147.9685348	0
20539	13	147.9685352	0
46477	13	147.9685354	0
44816	13	147.9685355	0
36595	13	147.9685356	0
48895	13	147.9685357	0
8834	13	147.9685358	0
18883	13	147.968536	0
25993	13	147.9685361	0
18787	13	147.9685362	0
20961	13	148.2079826	0
50171	13	148.2079827	0
40759	13	148.5472171	0
14640	13	149.8817314	0
35677	14	1.434793345	0
52311	14	1.815021349	0
17484	14	1.815021449	0
53419	14	2.288333332	0
54103	14	2.674793149	0
4512	14	2.93884176	0
29296	14	2.93884186	0
24505	14	3.461454444	0
27170	14	3.987009605	0
19787	14	3.987009705	0
23524	14	5.059403807	0
17939	14	5.059403907	0
34821	14	5.059404007	0
38243	14	5.059404107	0
164	14	5.059404307	0
47987	14	5.596389452	0
19550	14	7.390253749	0
49745	14	9.138646514	0
28292	14	9.138646714	0
27140	14	9.44020982	0.002184477
39102	14	10.18207726	0
31667	14	11.28353284	0
53458	14	12.69798065	0
16658	14	13.15094198	0
46724	14	13.15094208	0
7809	14	13.41358817	0
769	14	13.41358837	0
51475	14	13.41358847	0
40214	14	13.41358867	0
20925	14	13.41358887	0
45369	14	13.93596075	0
40577	14	13.93596085	0
37422	14	13.93596105	0
8961	14	13.93596115	0
55317	14	13.93596125	0
3819	14	13.93596135	0
22488	14	14.17365574	0.024227686
23759	14	14.17365594	0
32999	14	14.17365604	0
36949	14	14.41132389	0
13026	14	14.41132399	0
5200	14	14.41132409	0
34110	14	14.41132419	0
29551	14	14.41132439	0
43600	14	14.41132459	0
47271	14	14.41132489	0
18990	14	14.41132499	0
33637	14	14.41132509	0
34485	14	14.41132519	0
3080	14	14.41132529	0
16299	14	14.41132539	0
51781	14	14.41132559	0
8193	14	14.41132569	0
15893	14	14.41132589	0
38272	14	14.41132599	0
48459	14	14.4946387	0
30859	14	14.65001927	0
321	14	14.65001937	0
14355	14	14.90253469	0
54657	14	16.54588871	0
50954	14	16.75913472	0
5487	14	16.75913482	0
6101	14	17.01140734	0
55456	14	20.92272438	0
642	14	20.92272448	0
30486	14	20.92272458	0
50068	14	21.98826939	0
16280	14	21.98826949	0
10182	14	24.2902157	0
53095	14	24.69239146	0
51544	14	25.73385156	0
22904	14	27.36843211	0
37109	14	27.36843231	0
7582	14	27.36843241	0
3097	14	27.36843251	0
39541	14	27.88973494	0
47473	14	28.00592231	0
7683	14	35.38770671	0
9224	14	36.31257534	0
36343	14	37.16833118	0
6598	14	38.29021509	0
38018	14	38.55508134	0
46808	14	38.55508144	0
49192	14	39.35159327	0
39089	14	39.59161366	0
2979	14	39.59161376	0
27561	14	42.07027157	0
33695	14	42.07027167	0
36847	14	42.07027177	0
7709	14	42.07027197	0
39553	14	42.59668315	0
39010	14	43.05805737	0
30318	14	43.78911789	0
30768	14	44.45016613	0
10416	14	44.45016623	0
32046	14	44.71080325	0
28539	14	44.97654739	0
20328	14	45.23934306	0
16266	14	46.57302755	0
42342	14	46.57302765	0
32595	14	47.28353966	0
18580	14	47.28353976	0
51299	14	47.64381003	0
46334	14	48.39138367	0
26064	14	48.39138377	0
10753	14	63.89643487	0
35295	14	64.17976988	0
49758	14	65.01318553	0
51726	14	65.01318563	0
40445	14	65.26679532	0
28926	14	65.26679542	0
18014	14	65.53055505	0
31747	14	66.05681124	0
41933	14	66.31436679	0
35905	14	66.31436689	0
27003	14	66.57457259	0
11814	14	66.57457269	0
524	14	66.87589808	0
25789	14	66.87589818	0
25372	14	67.47157535	0
25639	14	68.6860208	0
44446	14	68.6860211	0
38523	14	69.20857056	0
39805	14	69.20857076	0
55206	14	69.73821115	0
4511	14	69.73821135	0
39338	14	70.13281972	0
2773	14	70.52699336	0
41228	14	70.79251193	0
38439	14	70.79251203	0
52438	14	71.86498561	0
20251	14	71.86590188	0
8493	14	72.12910282	0
42853	14	72.66868015	0
2617	14	73.91494054	0
1926	14	73.91494064	0
40748	14	74.27372506	0
45774	14	74.27372516	0
47916	14	74.27372526	0
15975	14	74.27372536	0.163852404
670	14	74.27372546	0
22734	14	74.70931653	0
37733	14	75.5955119	0
29227	14	75.595512	0
23884	14	75.5955121	0
8857	14	75.5955122	0
15602	14	75.5955123	0
46694	14	75.5955125	0.214090525
29345	14	75.5955126	0
36193	14	75.5955127	0
47925	14	75.85564517	0
15236	14	75.85564527	0
10142	14	76.64202006	0
1057	14	76.64202016	0
31453	14	76.64202026	0
48345	14	76.64202036	0
49397	14	76.64202046	0
42502	14	76.90572257	0
55434	14	77.42424631	0
49363	14	77.42424641	0
8202	14	77.68437653	0
26762	14	77.68437683	0
30147	14	79.0177132	0.197334719
47747	14	79.0177133	0
12587	14	79.37284773	0
46890	14	80.08053751	0
34901	14	80.08053761	0
53031	14	80.08053771	0.272326293
23743	14	80.08053781	0
51717	14	80.08053791	0
50243	14	81.41466285	0.530325685
20215	14	81.41466295	0.128718909
28181	14	81.41466305	0.081762045
3694	14	81.94374786	0.620163084
42709	14	82.61503132	0
42062	14	83.28635174	0.023192535
44585	14	83.28635184	1.079195156
53109	14	83.28635194	1.524393102
16731	14	84.0898541	0
43712	14	84.0898542	0
45625	14	85.16434783	0
2859	14	85.42101022	0
54079	14	85.68456942	0
51774	14	85.68456952	0
3409	14	86.21430738	0
12158	14	86.46814833	0
16190	14	87.27099823	0
54707	14	87.41695672	0.040734382
24360	14	87.41695682	0
42732	14	87.55525249	0
51838	14	87.55525259	0
18993	14	88.35162629	0
7024	14	88.60865804	0.001036412
26231	14	88.86880889	0.238831842
13581	14	88.86880899	0
16626	14	88.86880909	0
52960	14	88.86880919	0.496914776
46732	14	88.86880929	0
2148	14	88.86880939	0
12717	14	89.39255666	0
35573	14	89.39255676	0
45025	14	89.69485234	0
51001	14	89.99067597	0
26473	14	89.99067607	0
5114	14	90.98706732	0
12518	14	90.98706742	0
32600	14	91.30862832	0.060576834
46826	14	92.56431799	0
6874	14	93.15220459	0
45577	14	93.3996885	0
48450	14	93.92817664	0
10502	14	93.92817674	0
17880	14	93.92817684	0
36437	14	94.46007898	0
35399	14	94.46007908	0.030080546
7680	14	94.46007928	0
23279	14	94.98057925	0
47398	14	94.98057935	0
41439	14	95.68415727	0
21153	14	96.03386559	0
49050	14	96.29535141	0
909	14	96.67899667	0
54257	14	97.14098724	0
39818	14	97.14098734	0.095013721
48228	14	98.3368897	0
55607	14	99.21150261	0
47059	14	99.21150271	0
32933	14	100.0002666	0
33163	14	100.0002667	0
6655	14	100.0002668	0
37900	14	100.0002669	0
11007	14	100.000267	0
7987	14	100.0002671	0
15318	14	100.5269323	0
44922	14	100.7616481	0
38999	14	101.748402	0
42475	14	101.7484021	0
51093	14	101.7484022	0
39903	14	102.0102798	0
45779	14	102.580875	0
18435	14	103.1512181	0
37213	14	103.4273977	0
42478	14	103.7001431	0
11620	14	103.7001432	0
18582	14	104.5555294	0
38198	14	104.5555296	0
55745	14	104.5555297	0.183975823
41904	14	104.5555298	0
2775	14	105.7110181	0
50612	14	106.3436836	0
6983	14	106.3436837	0
33681	14	106.656832	0.309105181
18270	14	106.6568323	0
33347	14	106.6568324	0
44471	14	107.2925431	0.024634842
21251	14	108.1215259	0
4326	14	108.121526	0.001611802
8806	14	108.1215261	0.505501698
15951	14	109.3662015	0
15332	14	110.0582429	0
15881	14	111.5992125	0
38889	14	111.9672284	0
5691	14	115.0400415	0
26306	14	116.2254226	0.129766411
1582	14	120.6247065	0
33722	14	120.6247066	0
15008	14	120.6247067	0
19565	14	121.1462353	0.107075452
17245	14	121.9528521	0
26821	14	123.2229151	0
34766	14	123.8296055	0
24048	14	124.8965478	0
53479	14	126.2421274	0
44664	14	126.2421275	0
1841	14	127.0340502	0.020661833
42173	14	127.0340503	0
19163	14	127.4681843	0
37846	14	129.5603132	0
21787	14	129.5603133	0
41888	14	130.3792683	0
43034	14	130.9023972	0
30559	14	130.9023973	0
37926	14	130.9023975	0
43351	14	130.9023976	0
11184	14	131.4887184	0
23012	14	134.4454927	0
4102	14	134.4454928	0
52180	14	134.445493	0
47614	14	134.4454931	0
1173	14	134.4454932	0
52553	14	134.4454933	0
52929	14	134.4454934	0
27692	14	134.712052	0
26698	14	135.0164529	0
39017	14	135.016453	0
39493	14	135.0164531	0
5559	14	135.9643056	0
28300	14	135.9643058	0
45151	15	5.995108988	0
27286	15	5.995109088	0
19874	15	5.995109188	0.143987715
17017	15	6.257392773	0
48802	15	6.257392873	0
51458	15	6.257392973	0
26877	15	6.257393173	0
14963	15	6.77965798	0
40722	15	6.77965808	0
45579	15	6.77965838	0
30295	15	6.77965848	0.044716388
51874	15	7.980139891	0
21472	15	8.355023019	0
39179	15	9.313501536	0
55137	15	9.313501636	0
23693	15	9.610191455	0
14759	15	11.31777511	0
46664	15	12.33028655	0
14350	15	13.02326601	0
43929	15	13.30116265	0
1618	15	14.42648809	0
31999	15	14.42648819	0
50947	15	14.69392957	0
23390	15	14.69392977	0
34585	15	14.69392987	0
49836	15	14.69392997	0
3630	15	14.69393007	0
866	15	14.97150022	0
38010	15	16.14806421	0
49895	15	17.19956316	0
18703	15	17.88385635	0
31220	15	17.88385645	0
37484	15	18.15117874	0
1644	15	19.54635169	0
54433	15	19.54635179	0
9384	15	19.91899878	0
16656	15	20.29351609	0
24430	15	20.65737983	0
18875	15	20.65737993	0
982	15	20.93452391	0
19270	15	21.50422596	0
33802	15	21.50422606	0
34651	15	22.91392554	0
39330	15	23.60507999	0
28970	15	24.80225019	0.097662352
12050	15	25.54415367	0
32982	15	25.54415377	0
12345	15	25.54415387	0
40698	15	25.87230891	0
12461	15	26.19896874	0
22001	15	26.19896894	0
30833	15	26.19896904	0
47334	15	26.19896934	0
33738	15	26.459855	0
35644	15	26.4598552	0
37718	15	27.24285848	0
5287	15	28.32585621	0
25725	15	28.58248834	0
35066	15	28.58248844	0
18052	15	28.84935496	0
5973	15	29.12720159	0
2347	15	30.03655088	0
6860	15	30.51828528	0
13296	15	32.02441782	0
33616	15	34.01331571	0
15443	15	36.06555537	0
54085	15	38.86744863	0
15480	15	38.86744873	0
15899	15	39.49108979	0
45303	15	40.49100698	0
36027	15	43.19370777	0
31190	15	50.08087554	0
11023	15	55.13089279	0
36948	15	55.8355683	0
31443	15	56.32636243	0
31852	15	56.32636253	0
42430	15	58.55610374	0
14271	15	58.81123129	0
35546	15	59.61628581	0
12504	15	59.87782968	0
29845	15	59.87782978	0
6883	15	60.26868959	0
29396	15	60.66220498	0
54446	15	60.66220508	0.089015104
18451	15	60.66220518	0
28003	15	61.00955961	0
4825	15	61.98155347	0
52845	15	62.23793377	0
3041	15	63.11828947	0
20736	15	64.62391122	0
50204	15	64.90586187	0
15225	15	64.90586197	0
44622	15	64.90586207	0
23083	15	86.25996192	0
25093	15	87.07721238	0
40853	15	87.07721248	0
25683	15	88.78404398	0
8906	15	88.78404408	0
15397	15	88.78404418	0
26394	15	89.04821462	0
43569	15	90.08789014	0
19633	15	91.17837773	0
47839	15	91.17837783	0
26661	15	91.52389331	0
23710	15	91.52389341	0
3948	15	91.52389351	0
40837	15	92.09159695	0
33342	15	92.95092711	0
31967	15	93.59627629	0
35288	15	93.93703367	0
10243	15	93.93703377	0
13206	15	94.45971987	0
42582	15	94.45971997	0
32432	15	94.45972007	0
18279	15	94.45972017	0
55919	15	94.45972037	0
6842	15	94.45972083	0
10344	15	94.720897	0
42601	15	94.7208971	0
9165	15	95.42489436	0
33978	15	95.77165766	0
43883	15	95.77165776	0
46306	15	95.77165786	0
55721	15	95.77165796	0
38893	15	95.77165806	0
29930	15	95.77165816	0
28518	15	95.77165826	0
28265	15	96.29383929	0
23179	15	96.29383949	0
18783	15	96.29383959	0
47967	15	96.29383979	0
36886	15	96.29383989	0
1872	15	96.29383999	0
4664	15	96.29384009	0
33935	15	96.29384019	0
33824	15	96.80708391	0
34767	15	97.05831598	0
46513	15	97.05831608	0
18223	15	97.05831618	0
39927	15	97.05831628	0
19202	15	97.844822	0
45793	15	97.8448221	0
51268	15	97.8448222	0
35736	15	97.8448224	0
41828	15	97.8448225	0
26331	15	97.8448226	0
52695	15	97.8448227	0
26921	15	98.10505068	0
14587	15	98.10505078	0
12241	15	98.10505088	0
27826	15	98.10505108	0
16348	15	98.36541523	0
1434	15	98.36541533	0
26505	15	98.6254544	0
50208	15	98.86765003	0
44669	15	98.86765013	0
1649	15	99.9001436	0
15831	15	100.2158323	0
33130	15	101.1298819	0
52836	15	103.7906586	0
22093	15	104.0860982	0.202413766
26767	15	105.0437019	0
18402	15	108.3763705	0
15603	15	108.9851332	0
855	15	108.9851333	0
36081	15	110.4951829	0
18070	15	112.5793256	0
29800	15	114.6567884	0
36727	15	114.6567885	0
5048	15	120.9189329	0
29790	15	122.5445103	0
18237	15	122.5445104	0
26703	15	122.5445105	0
47884	15	124.181996	0
32438	15	129.7117541	0
44414	15	130.0744576	0
11379	15	130.8283816	0
54670	15	130.8283817	0
12557	15	131.4021525	0
31760	15	132.4576939	0
30512	15	135.3982652	0
50621	15	138.6628984	0
35331	15	138.9012271	0
51368	15	139.9710313	0
43052	15	139.9710314	0
33724	15	139.9710315	0
9982	15	139.9710316	0
36323	16	6.877032873	0
1064	16	6.877033073	0
20626	16	7.619130573	0
17721	16	7.87108868	0
51809	16	8.40969022	0
33216	16	8.939049484	0
20632	16	9.186413627	0
48055	16	11.41634971	0
46436	16	11.41634981	0
53347	16	12.28027994	0
40510	16	14.83226818	0
8031	16	14.83226828	0
19273	16	18.64076008	0
13024	16	19.332504	0
14276	16	20.48637609	0
20663	16	20.74658966	0
27330	16	20.74658976	0
44199	16	20.74658986	0
48691	16	21.01930521	0
15569	16	21.29387385	0
5683	16	21.29387395	0
39565	16	21.29387405	0
35972	16	21.69843398	0
5132	16	21.69843408	0
22140	16	22.49536666	0
6797	16	22.89085882	0
54688	16	22.89085922	0
23994	16	22.89085932	0
31427	16	22.89085942	0
5736	16	22.89085952	0
18809	16	24.76371485	0
7273	16	24.76371495	0
34400	16	25.00245257	0
43775	16	25.25920193	0
53702	16	28.77841851	0
54599	16	29.64430735	0
6836	16	31.79940133	0
34789	16	33.97290652	0
50800	16	35.60394077	0
25876	16	36.69396957	0
47753	16	37.513297	0
51242	16	37.5132971	0
23844	16	37.77666918	0
33282	16	38.55985646	0
39816	16	38.55985656	0
11908	16	38.80521073	0
52569	16	39.09628608	0
25270	16	40.9753589	0
14049	16	40.975359	0
1334	16	41.50562248	0
22253	16	41.76978641	0
20325	16	42.03237806	0
17457	16	42.03237816	0
19146	16	42.03237826	0
44841	16	42.28613011	0
45947	16	43.08345852	0
40442	16	43.08345872	0
6417	16	43.61093537	0
41286	16	43.87045173	0
33071	16	43.87045183	0
34056	16	43.87045193	0
39739	16	44.17683387	0
17338	16	44.80048377	0
35956	16	45.2212374	0
11768	16	45.56172703	0
54747	16	46.05986361	0
30493	16	46.32548322	0
4384	16	46.32548342	0
21879	16	47.12576163	0
39865	16	47.39339554	0
46343	16	48.19590603	0
8708	16	48.19590613	0
47559	16	48.19590623	0
7034	16	48.45760787	0
51510	16	48.45760797	0
11861	16	48.45760807	0
38192	16	48.45760827	0
404	16	48.71833157	0
51386	16	48.71833167	0
22715	16	48.97961942	0
1212	16	48.97961952	0
46485	16	49.24294244	0
25205	16	49.24294254	0
50872	16	49.24294264	0
16337	16	50.30966776	0
37051	16	50.56692151	0
47352	16	50.56692161	0
2144	16	51.10024907	0
14341	16	51.36304823	0
44442	16	51.36304833	0
20363	16	51.36304843	0
12582	16	51.36304863	0
18056	16	52.00163511	0
52231	16	52.32810928	0
39985	16	52.77390375	0
4273	16	53.42886183	0
44139	16	53.42886193	0
8111	16	53.42886203	0
10012	16	53.72280407	0
13650	16	54.32825952	0
48078	16	54.58884169	0
49213	16	54.58884179	0
12692	16	54.58884189	0
3016	16	55.21594318	0
11365	16	55.21594328	0
13592	16	55.545324	0
52399	16	55.86577665	0
7312	16	55.86577675	0
34516	16	56.51543335	0
48505	16	56.51543345	0
15291	16	56.51543365	0
23272	16	56.51543375	0
34553	16	56.51543415	0
24012	16	56.51543425	0
37168	16	56.51543435	0
33352	16	56.51543445	0
49759	16	56.51543455	0
50874	16	56.77551855	0
22836	16	56.77551865	0
10624	16	56.77551875	0
12697	16	56.77551885	0
50779	16	56.77551895	0
4130	16	56.77551905	0
45481	16	57.03552018	0
47986	16	57.03552028	0
40260	16	57.03552038	0
45474	16	57.82896618	0
25751	16	58.35512458	0
27220	16	58.35512478	0
45705	16	58.35512488	0
54706	16	58.35512498	0
9878	16	58.35512508	0
24070	16	58.88480598	0
32682	16	59.95223917	0
13527	16	59.95223927	0
45816	16	60.21620374	0
12963	16	60.4666031	0
23185	16	60.4666032	0
25161	16	60.4666033	0
31692	16	60.4666034	0
23325	16	60.4666035	0
34328	16	60.4666036	0
2932	16	60.76736165	0
31655	16	60.76736175	0
38705	16	61.06877592	0
35351	16	61.06877602	0
14052	16	61.06877612	0
12581	16	71.2315544	0
25561	16	71.2315545	0
35654	16	71.79250092	0
733	16	71.79250102	0
34544	16	71.92431194	0
15140	16	71.92431204	0
19420	16	75.89141794	0
46064	16	76.66625178	0
50883	16	76.93517154	0
45346	16	77.26834904	0
49092	16	77.60454126	0
33155	16	77.60454136	0
11984	16	81.54333311	0
37988	16	84.71347064	0
13161	16	85.33161055	0
50340	16	86.40567455	0
22132	16	94.17582477	0
39509	16	102.9326994	0
14885	16	104.2547576	0.024244003
8377	16	105.5977891	0
15570	16	106.3947278	0
21304	16	111.3326759	0
39501	16	112.4795685	0
24986	16	113.3150974	0
40164	16	113.5742619	0
27979	16	113.5742621	0
43875	16	113.5742622	0
18907	16	113.826649	0
2257	16	114.0810991	0
46442	16	114.0810992	0
30713	16	114.0810993	0
51979	16	114.0810994	0
54753	17	0	0
31436	17	0.280004615	0
20572	17	0.778047248	0
23527	17	1.388037408	0
39340	17	1.388037508	0
48574	17	8.662501712	0
45422	17	15.97192279	0
31176	17	18.61370987	0
49047	17	29.22676403	0
18064	17	31.46673196	0
15550	17	35.48548388	0
15505	17	35.91446584	0
47151	17	37.67752755	0
20981	17	37.67752775	0
36398	17	37.67752785	0
35073	17	37.67752795	0
41082	17	37.67752805	0
33382	17	37.67752815	0
48259	17	37.67752825	0
28851	17	37.99168881	0
47704	17	38.44906498	0
2832	17	53.41006086	0
7232	17	54.16695286	0
45959	17	54.16695296	0
14506	17	54.95233023	0
28135	17	55.22071834	0
14331	17	55.7573991	0
53795	17	55.7573993	0
18848	17	57.08846505	0
40533	17	57.08846515	0
53367	17	57.08846525	0
25836	17	57.39887584	0
21618	17	57.87981554	0
49811	17	58.98129184	0
36397	17	58.98129194	0
43721	17	58.98129204	0
24769	17	58.98129214	0
52570	17	59.60614697	0
25547	17	59.60614707	0
13337	17	59.60614717	0
31647	17	59.60614727	0
40877	17	62.56451298	0
39513	17	62.84088129	0
16	17	62.93747093	0
45915	17	62.93747103	0
46758	17	63.48102812	0
33247	17	66.8898182	0
14684	17	66.8898183	0
27657	17	66.8898184	0
17296	17	66.8898185	0
39680	17	66.8898187	0
27215	17	67.41629701	0
14780	17	67.93084143	0
8831	17	68.456508	0
40839	17	68.7079674	0
35345	17	68.7079675	0
36922	17	68.95840289	0
18546	17	70.30750889	0
31559	17	70.30750899	0
1701	17	70.30750909	0
24597	17	70.30750919	0
25445	17	70.30750929	0
1289	17	71.3111935	0
49882	17	71.3111936	0
16151	17	71.68748316	0
28399	17	76.4380648	0
7093	17	76.4380649	0
5343	17	76.73453955	0
43802	17	77.27326851	0
3493	17	79.44798259	0
40928	17	83.55472674	0
26143	17	86.71009329	0
47724	17	86.71009339	0
16588	17	88.88072118	0
1742	17	92.01864264	0
7879	17	92.01864274	0
50470	17	92.68855543	0
34377	17	93.60347987	0
9977	17	93.60347997	0
14455	17	96.84941153	0
41083	17	99.82335058	0
6850	17	100.2191984	0
13755	17	101.297031	0
40965	17	102.2235071	0
37605	17	102.2235073	0
2801	17	102.7463446	0
10592	17	102.7463447	0
20888	17	103.0092502	0
51803	17	103.0092503	0
6602	17	103.0092504	0
27409	17	103.3409497	0
21309	17	104.1430567	0
5653	17	104.7224695	0
47079	17	104.7224696	0
42088	17	104.971149	0
52712	17	109.3896234	0
45498	17	109.3896235	0
14550	17	109.3896237	0
20791	17	109.3896239	0
17786	17	109.3896241	0
8631	17	109.3896243	0
39827	17	109.3896244	0
45592	17	109.3896245	0
14896	17	109.3896246	0
23053	17	109.9285218	0
38798	17	110.1722834	0
14188	17	110.1722836	0
32399	17	110.4280184	0
24550	17	110.4280185	0
36449	17	110.4280186	0
11219	17	110.4280188	0
43042	17	110.6846192	0
5992	17	110.9794375	0
755	17	127.2435067	0
45198	18	0.164532456	0
25323	18	0.574118055	0
6996	18	1.004525344	0
26565	18	1.004525444	0
32114	18	1.004525744	0
44831	18	1.004525944	0
41986	18	1.004526044	0
27072	18	1.004526244	0
52161	18	1.004526344	0
24677	18	1.258955869	0
36735	18	1.258955969	0
36635	18	1.523767855	0
44233	18	2.307162256	0
11079	18	2.307162356	0
3860	18	2.569877837	0
44198	18	2.569878037	0
11928	18	3.624761834	0
40205	18	3.624761934	0
14751	18	3.624762034	0
29698	18	3.624762134	0
10006	18	3.624762234	0
45446	18	3.624762334	0
460	18	3.624762434	0
29701	18	3.624762634	0
17857	18	5.390238595	0
45084	18	5.738470761	0
54621	18	5.738470861	0
39296	18	6.686494786	0
49549	18	6.686494886	0
34297	18	7.006761743	0
8711	18	7.324549513	0
7251	18	7.324549613	0
49337	18	7.581080307	0
9761	18	7.839877057	0
22513	18	8.36528352	0
33798	18	8.36528362	0
27222	18	8.36528372	0
23833	18	8.36528382	0
47516	18	8.36528392	0
66	18	8.36528402	0
49262	18	8.36528412	0
25216	18	8.36528422	0
16174	18	8.36528432	0
44468	18	8.36528442	0
47302	18	8.36528452	0.069276308
6449	18	8.36528462	0
43261	18	8.887698952	0
49536	18	8.887699052	0
54543	18	8.887699452	0
55671	18	9.776585459	0
3832	18	9.776585659	0
10856	18	10.66639474	0
25097	18	10.66639484	0
10173	18	11.19186522	0
27209	18	11.19186532	0
27337	18	11.19186542	0
31997	18	11.49991005	0
30856	18	11.81535543	0
4036	18	12.20612567	0
20366	18	12.20612577	0
11497	18	13.26796167	0
16564	18	13.56891941	0
8556	18	13.56891961	0
40158	18	13.56891971	0
14096	18	13.56891981	0
2330	18	14.09664089	0
44085	18	14.09664099	0
12589	18	14.09664119	0
7018	18	14.88963497	0
38154	18	14.97593543	0
9828	18	15.50912655	0
25209	18	15.50912665	0
38310	18	16.04238437	0
22911	18	16.31633792	0
50900	18	17.04415249	0
35431	18	17.39259812	0
42772	18	18.8248636	0
17573	18	19.34177816	0
2460	18	19.34177836	0
10476	18	19.96041783	0
40930	18	20.41259221	0
5433	18	20.41259231	0
16553	18	20.41259241	0
11486	18	21.47508368	0
38127	18	21.47508378	0
41759	18	21.47508388	0
12460	18	21.73297538	0
25825	18	22.26035733	0
53939	18	22.5223427	0
2075	18	22.78275037	0
46678	18	22.78275047	0
17549	18	22.78275057	0
26892	18	23.47772482	0
53933	18	23.83582394	0
19548	18	23.83582404	0
6307	18	24.08716703	0
15160	18	24.89235029	0
8594	18	24.89235039	0
35479	18	25.71477335	0
37363	18	27.66367247	0
45709	18	27.91287758	0
47918	18	28.17489919	0
51325	18	28.43402427	0
5400	18	28.96488851	0
48668	18	29.2244975	0
38324	18	29.2244976	0
11463	18	29.2244977	0
23086	18	29.2244978	0
3188	18	29.224498	0
17585	18	29.2244981	0
43864	18	29.2244982	0
48506	18	29.48812897	0
7587	18	29.48812907	0
40765	18	30.01667474	0
19644	18	30.26552389	0
41785	18	30.26552399	0
33650	18	31.70816484	0
15558	18	33.03287854	0
2694	18	33.99041668	0
871	18	33.99041678	0
7970	18	34.26823597	0
21532	18	34.26823607	0
15130	18	34.83731989	0
5999	18	36.14810562	0
14967	18	36.41111699	0
12253	18	36.41111709	0
55166	18	36.67212	0
44329	18	36.96882002	0
3424	18	37.28104077	0.035345061
702	18	38.52817702	0
48237	18	42.45091306	0
31870	18	42.45091316	0
11832	18	42.71579954	0
27844	18	43.24309817	0
11353	18	43.24309837	0
32788	18	43.38497775	0
55216	18	44.65189571	0
25723	18	44.99995754	0
49597	18	60.33141502	0
7887	18	63.8592232	0
39453	18	64.46709477	0
19222	18	65.49738818	0
43400	18	66.46011349	0
20647	18	66.46011359	0
23977	18	67.56203276	0
5622	18	68.65668005	0
37913	18	69.20673312	0
6704	18	71.14287217	0
18367	18	78.04198732	0
46760	18	81.08623965	0
18806	18	87.62620738	0
44502	18	87.84961097	0
15288	18	87.84961107	0
2016	18	88.38923691	0
8602	18	89.78838095	0
55148	18	89.78838115	0
17756	18	90.32929226	0
15906	18	90.86487922	0
24393	18	90.86487932	0
33966	18	91.6317578	0
43843	18	91.6317579	0
28905	18	91.631758	0
55015	18	92.69779651	0
53574	18	93.65034766	0
34704	18	93.90779458	0
51888	18	94.4763316	0
10408	18	95.96440821	0
29622	18	96.4877155	0
30815	18	96.75961138	0
9893	18	97.09562331	0
43079	18	98.1183741	0
3048	18	98.6568973	0
4425	18	99.47233016	0
30139	18	100.1015895	0
36320	18	100.4426497	0
39281	18	100.4426498	0
10514	18	101.0955901	0
31272	18	102.5691766	0
28341	18	103.6303284	0
55079	18	104.716236	0
54784	18	104.9886662	0
49853	18	104.9886663	0
19362	18	104.9886664	0
4109	18	104.9886665	0
4491	18	105.7094773	0
39913	18	105.7094776	0
36729	18	105.7094777	0
39793	18	105.7094778	0
49535	18	105.7094779	0
26163	18	105.709478	0
11917	18	105.7094781	0
19189	18	105.7094783	0
9567	18	105.7094784	0
1042	18	105.7094785	0
6221	18	105.7094787	0
10238	18	106.4029854	0
52696	19	0.082846395	0
10292	19	1.604432548	0
29675	19	5.110304863	0
8814	19	10.70732883	0
45673	19	11.48449834	0
45510	19	20.58927164	0
27353	19	20.83716199	0
48323	19	21.02881873	0
36351	19	33.72657036	0
32256	19	33.72657046	0
51043	19	33.88741926	0
43509	19	33.88741936	0
929	19	33.88741946	0
18522	19	33.88741956	0
7000	19	34.14787706	0
55985	19	34.14787716	0
30560	19	34.14787736	0
13043	19	34.49397477	0
11466	19	35.20079174	0
34057	19	35.20079184	0
14957	19	35.71377022	0
55908	19	35.71377032	0
19816	19	35.71377042	0
35160	19	35.71377052	0
20649	19	35.71377062	0
53802	19	35.71377072	0
37129	19	35.71377082	0
45121	19	37.50591634	0
14179	19	37.85943763	0
55094	19	37.85943773	0
10051	19	37.85943783	0
28416	19	37.85943793	0
22112	19	38.12022539	0
6137	19	38.12022549	0
32273	19	38.377781	0
28712	19	38.3777811	0
41952	19	38.3777812	0
25051	19	38.63962854	0
1167	19	39.16649255	0
3966	19	39.16649265	0
47291	19	39.42717224	0
12263	19	39.42717234	0
37393	19	39.68361524	0
47953	19	40.47721743	0
16712	19	40.47721753	0
23720	19	40.47721763	0
44515	19	40.47721773	0
29592	19	40.47721783	0
3132	19	40.47721793	0
35143	19	40.47721803	0
40678	19	40.73865278	0
47037	19	40.73865288	0
22971	19	40.73865298	0
28079	19	40.73865308	0
32808	19	41.25598767	0
36286	19	41.25598777	0
24739	19	42.31337133	0
18398	19	42.31337153	0
16501	19	42.57743996	0
40609	19	42.8250604	0
45138	19	42.8250605	0
1818	19	42.8250606	0
24269	19	42.8250607	0
21443	19	42.8250609	0
52450	19	43.83228346	0
40498	19	44.15184553	0
25816	19	44.15184563	0
31562	19	44.15184573	0
34064	19	44.15184583	0
34907	19	44.15184593	0
8619	19	44.15184603	0
32433	19	44.41263491	0
45005	19	44.41263511	0
54605	19	44.94112127	0
50096	19	45.20150743	0
38223	19	45.46525301	0
50447	19	45.46525311	0
43784	19	45.98804183	0
52183	19	47.91038952	0
19019	19	49.00323871	0
38363	19	49.53706141	0
4004	19	49.53706151	0
32529	19	51.98703109	0
37118	19	55.06780137	0
52064	19	55.39099944	0
15696	19	57.47694093	0
17978	19	60.97781434	0
15823	19	64.14559973	0
42868	19	64.14559983	0
54117	19	64.67711168	0
2705	19	64.76757562	0
50026	19	64.76858971	0
47068	19	65.28434486	0
46845	19	66.39720567	0
43881	19	67.2791703	0
14856	19	67.66734325	0
43795	19	67.66734335	0
31586	19	69.61975265	0
33289	19	70.13985826	0
25848	19	70.13985836	0
31724	19	70.47752738	0
18339	19	72.70647131	0
50312	19	72.70647141	0
24908	19	72.70647161	0
51712	19	72.70647171	0
36826	19	72.96606587	0
13783	19	73.40085621	0
4426	19	74.05862683	0
13513	19	74.69608017	0
26126	19	74.69608027	0
36837	19	75.36433598	0
33991	19	76.35661952	0
29962	19	77.62710386	0
33158	19	80.19576918	0
20788	19	80.19576928	0
27431	19	80.57676201	0
50172	19	80.57676211	0
26490	19	81.3698491	0
37327	19	81.6798509	0
19059	19	81.679851	0
30635	19	83.12593694	0
16408	19	83.66538707	0
6754	19	84.59199482	0
33383	19	86.77401284	0
51074	19	86.77401294	0
27696	19	86.77401304	0
25246	19	88.48959012	0
51135	19	88.9800244	0
13002	19	88.9800246	0
23684	19	88.9800249	0
24549	19	88.980025	0
12417	19	90.34962376	0
38739	19	90.34962386	0
11494	19	90.81272055	0
24462	19	90.81272065	0
686	19	92.62281935	0